0 0.39303691864013673 0.5121444956461589 0.11848965962727864 0.4539861551920573
0 0.07159401734670004 0.5767865753173829 0.12596405029296875 0.48956741333007814
0 0.6045519765218099 0.5066668955485026 0.13603459676106772 0.42289708455403646
0 0.18830597559611 0.5497161102294922 0.13144367218017577 0.4680433654785156
0 0.49592859903971354 0.37763875325520835 0.0634405517578125 0.20322224934895833
0 0.28959289550781253 0.5296886698404948 0.11980545043945312 0.4375908406575521
0 0.21865524291992186 0.3280903879801432 0.08206090291341146 0.17639297485351563
0 0.49269805908203124 0.49055826822916665 0.0851702880859375 0.40457316080729167
0 0.35118896484375 0.5130772654215495 0.10848658243815104 0.4788750712076823
0 0.4423568216959635 0.394722277323405 0.07360300699869791 0.2418194834391276
0 0.45567148844401045 0.496299819946289 0.0831109619140625 0.4599366760253906
0 0.23822526295979818 0.5416077931722005 0.12746014912923176 0.46622202555338543
0 0.6573487599690755 0.480348014831543 0.11467361450195312 0.40086585998535157
0 0.46450536092122396 0.38677955627441407 0.05424357096354167 0.2144860331217448
