0 0.46750347137451176 0.4911038716634115 0.20187090555826823 0.5029053751627605
0 0.3384947204589844 0.4364471054077148 0.10661148071289063 0.36682024637858074
0 0.14640243848164877 0.5949894460042318 0.21687962849934897 0.6612677001953124
0 0.2344257736206055 0.4477885818481445 0.1284678904215495 0.3425940195719401
0 0.6367485046386719 0.48448636372884113 0.13978169759114584 0.46295003255208333
0 0.7310624694824218 0.4097253926595052 0.11127237955729166 0.32678792317708333
0 0.9172343444824218 0.3106836954752604 0.06445281982421874 0.14478347778320313
0 0.8147332763671875 0.3429137547810872 0.07117818196614584 0.19668205261230468
0 0.8363946533203125 0.34268683115641274 0.06404561360677083 0.16479072570800782
0 0.941072743733724 0.3603850682576497 0.09965728759765625 0.33292594909667966
0 0.8972238159179687 0.3283229700724284 0.0558026123046875 0.13883745829264324
0 0.8655125935872395 0.3334799194335938 0.05484415690104167 0.14308685302734375
0 0.0419056835770607 0.5528874333699544 0.08492780685424804 0.39369585673014323
