0 0.46373878479003905 0.5320271937052409 0.10556391398111979 0.2826092274983724
0 0.6940543111165365 0.3263047027587891 0.05820587158203125 0.1511237080891927
0 0.8885775248209635 0.32395264943440755 0.05700388590494792 0.18936490376790366
0 0.8121896870930989 0.3228156661987305 0.052716878255208335 0.1734759775797526
0 0.542005615234375 0.5322980117797852 0.06248260498046875 0.2528888193766276
0 0.7597137705485026 0.28974226633707684 0.05081364949544271 0.16262418111165364
0 0.47945945739746093 0.9243396759033203 0.15012527465820313 0.16973719278971355
0 0.7920324198404949 0.29538699467976887 0.0520013427734375 0.1858603286743164
0 0.8387930806477865 0.31259784698486326 0.03664072672526042 0.176779301961263
0 0.7366547139485676 0.3021349461873372 0.04494557698567708 0.16012891133626303
