0 0.5450611368815104 0.5017521413167318 0.1019439697265625 0.32057296752929687
0 0.727718760172526 0.5297189458211263 0.1256146240234375 0.3506737009684245
0 0.19886396249135335 0.6438114674886068 0.36475603739420576 0.7408905029296875
0 0.4457291793823242 0.5064200719197591 0.12019986470540364 0.34257611592610676
0 0.8433210754394531 0.6581354522705078 0.3512403361002604 0.6543876139322916
0 0.6699552663167317 0.5036104456583659 0.10955164591471354 0.3386209869384766
0 0.3368922551472982 0.4955391947428386 0.14081448872884114 0.3084369913736979
0 0.5273855590820312 0.26688254038492837 0.057629903157552086 0.17335314432779947
0 0.3971446863810221 0.1799033037821452 0.11798866271972656 0.1811541748046875
0 0.6235771179199219 0.49735848744710287 0.09706614176432292 0.329353764851888
0 0.4139273325602214 0.64648317972819 0.09257207234700521 0.38556676228841147
0 0.3535953140258789 0.4393006896972656 0.07579363505045573 0.14001505533854167
