0 0.1610862445831299 0.6614022572835287 0.23363662719726563 0.6816278076171876
0 0.29295070648193355 0.5362302907307943 0.12057385762532552 0.4615407307942708
0 0.4073533121744791 0.48953797658284504 0.08658843994140625 0.3952251942952474
0 0.5103401692708334 0.4808987299601237 0.08475189208984375 0.3676281992594401
0 0.6781502278645833 0.4678725051879883 0.10127960205078125 0.31896700541178385
0 0.5658263651529948 0.48709829966227214 0.09427286783854166 0.3568201446533203
0 0.6042388661702475 0.4807350794474284 0.09567581176757813 0.3403399403889974
0 0.4447797520955404 0.48404969533284503 0.08123659769694011 0.38211636861165366
0 0.2414822832743327 0.640856196085612 0.18077932993570964 0.6283356221516927
0 0.2814699935913086 0.3110044352213542 0.06429344177246094 0.1190032450358073
