0 0.1949310557047526 0.5185795338948568 0.10317860921223958 0.36166559855143227
0 0.2770521418253581 0.5575082778930665 0.10465619405110677 0.30832898457845054
0 0.6338049062093098 0.5508567682902018 0.10779383341471355 0.35828707377115887
0 0.3940910466512044 0.5962143707275391 0.10060473124186198 0.23617172241210938
0 0.20993071873982747 0.40003709157307943 0.11746445973714192 0.1943243153889974
0 0.23794522603352863 0.528271001180013 0.11404566446940104 0.35606206258138023
0 0.855730946858724 0.48972608566284176 0.3127125040690104 0.9247690836588541
0 0.09465255419413249 0.493800900777181 0.04903646469116211 0.15087252298990886
0 0.6782847849527995 0.6187583669026693 0.05743576049804688 0.19088994344075522
0 0.12162290255228679 0.47661070505777997 0.0600743293762207 0.21139569600423178
