0 0.9359949747721354 0.8416147104899088 0.14074300130208334 0.31572850545247394
0 0.6535222625732422 0.8382359822591146 0.1865508524576823 0.3285791015625
0 0.506236089070638 0.6738985697428386 0.1371044413248698 0.2614130655924479
0 0.36981890360514325 0.5098412704467774 0.10037714640299479 0.35011685689290367
0 0.3422501118977864 0.8648153177897135 0.26143778483072916 0.2780121866861979
0 0.7257645670572916 0.8526959991455079 0.20771586100260417 0.2852543640136719
0 0.46385789235432945 0.5319847361246745 0.08555040995279949 0.3506119283040365
0 0.6457858530680338 0.758383763631185 0.13922286987304688 0.16046676635742188
0 0.766603749593099 0.9086221822102865 0.21057545979817707 0.1959992472330729
0 0.35916141510009764 0.659248530069987 0.12451886494954427 0.21257970174153645
0 0.2367256736755371 0.8645657602945963 0.18450387318929037 0.24297459920247397
0 0.7924091339111328 0.5589766438802084 0.07308100382486979 0.20247853597005208
0 0.5137039947509766 0.7997333526611328 0.1411981709798177 0.33610560099283854
0 0.14467281341552735 0.9361917622884115 0.21124376932779948 0.14188100179036459
0 0.35285505930582683 0.7479465484619141 0.13217811584472655 0.21663274129231772
