0 0.8650301869710286 0.9086297607421875 0.23240951538085938 0.18098490397135417
0 0.609634043375651 0.4403787231445313 0.1402562459309896 0.3117711385091146
0 0.7773602803548176 0.5294828796386719 0.19971954345703125 0.37749064127604165
0 0.5719065093994141 0.8376842753092448 0.2824083964029948 0.2635350545247396
0 0.5411987813313802 0.2538216972351074 0.1574720255533854 0.18001275380452475
0 0.9336798095703125 0.5827470270792643 0.14719746907552084 0.4169022878011068
0 0.2947225062052409 0.8570032501220703 0.3300837198893229 0.27872238159179685
0 0.933770039876302 0.32986437479654945 0.1122540283203125 0.16083704630533854
0 0.047661803166071576 0.2738932991027832 0.08319716771443685 0.3438472239176432
0 0.17880959192911786 0.5355057271321615 0.10058068593343099 0.10644124348958334
0 0.40360221862792967 0.5195515187581381 0.1651173400878906 0.17358240763346355
0 0.0877380895614624 0.5099811553955078 0.15541154225667317 0.17059850056966147
0 0.9274445088704427 0.4055910491943359 0.12730092366536458 0.27203526814778645
0 0.4771939977010091 0.38462407430013024 0.12626426696777343 0.1857611083984375
0 0.11943345387776692 0.4787713623046875 0.0989184824625651 0.11919840494791667
