0 0.44842557271321615 0.635033442179362 0.11033208211263021 0.2841676330566406
0 0.11436133702596028 0.6043384043375651 0.11671058654785156 0.3711363220214844
0 0.9332537333170573 0.6605252838134765 0.08955617268880209 0.34904373168945313
0 0.18863370895385742 0.5815181223551432 0.19760578155517577 0.4418982442220052
0 0.6426487477620443 0.5701739756266276 0.1779851786295573 0.4883299763997396
0 0.9440719604492187 0.7363438669840495 0.08262288411458334 0.12595769246419272
0 0.7715323638916016 0.6336410776774088 0.09436976114908854 0.2825389099121094
0 0.04212469259897868 0.5581314086914063 0.07414323170979818 0.21381581624348958
0 0.11624781290690103 0.5570035552978516 0.0771692148844401 0.17382095336914063
0 0.7246991475423177 0.6231922912597656 0.10304128011067708 0.3466478474934896
0 0.945070292154948 0.7947286987304688 0.102247314453125 0.36045206705729166
0 0.9182412719726563 0.5882540384928385 0.07078592936197917 0.20709279378255208
