0 0.9269777933756511 0.4662060038248698 0.15099924723307293 0.3187534586588542
0 0.711160888671875 0.4026030731201172 0.16119669596354166 0.30156285603841143
0 0.8233987681070964 0.41734166463216144 0.17759923299153646 0.3178742472330729
0 0.3817148081461589 0.6115935516357422 0.41032007853190106 0.7358613586425782
0 0.5559210713704428 0.3536692174275716 0.12321675618489583 0.19725751241048178
0 0.2257101058959961 0.3585901769002279 0.1287970733642578 0.22639935811360676
0 0.10916649023691814 0.6019750213623047 0.2576872762044271 0.8074909973144532
0 0.6503231048583984 0.3379170481363932 0.08339736938476562 0.18952804565429687
0 0.9495127360026041 0.5434336853027344 0.0862628173828125 0.1701812744140625
0 0.7056768035888672 0.31245218912760414 0.1667755635579427 0.15492039998372395
