0 0.5701765441894531 0.6093216959635417 0.24941263834635416 0.6832645670572917
0 0.7896449025472004 0.3416648864746094 0.053982391357421874 0.15224146525065105
0 0.8506712341308594 0.3336294555664062 0.05191151936848958 0.12124293009440104
0 0.7306626637776693 0.33238497416178386 0.058210500081380206 0.18327016194661458
0 0.3182237752278646 0.3634735870361328 0.20798665364583332 0.32345982869466144
0 0.40086167653401694 0.602629140218099 0.1969353993733724 0.6435356648763021
0 0.8968166097005208 0.3334803263346354 0.06434529622395833 0.12592030843098959
0 0.141361722946167 0.5794628143310547 0.22216031392415364 0.701811269124349
0 0.7110020446777343 0.3449829228719075 0.059681294759114586 0.18548052469889323
0 0.9560793050130209 0.35044124603271487 0.074246826171875 0.1768572743733724
0 0.2310311444600423 0.4688398615519206 0.14928170522054038 0.3806434377034505
0 0.6424980672200521 0.31963330586751304 0.10972249348958334 0.16995320638020833
0 0.48360616048177085 0.6486283111572266 0.25406463623046877 0.6817601013183594
0 0.03711780071258545 0.2788765462239583 0.06284849166870117 0.13165064493815104
0 0.8077342987060547 0.3317161814371745 0.052823638916015624 0.13787923177083333
