0 0.48376347859700525 0.6407033030192057 0.3672056070963542 0.7053774007161459
0 0.25756114959716797 0.5234336090087891 0.2226014200846354 0.5731571960449219
0 0.8675964864095053 0.6424473826090494 0.26503000895182294 0.6859068806966145
0 0.7151184590657552 0.3234800720214844 0.11073588053385416 0.21914276123046875
0 0.8220760599772134 0.28174734115600586 0.12128733317057291 0.18755125681559245
0 0.5799091339111327 0.29814783732096356 0.07893600463867187 0.15407872517903645
0 0.9199785868326822 0.2933988316853841 0.08520456949869791 0.1758996836344401
0 0.3496461232503255 0.2626428667704264 0.10919219970703126 0.1472549565633138
0 0.7602255503336589 0.5314291127522787 0.26627293904622396 0.34447647094726563
0 0.19559832890828452 0.2666889444986979 0.07052193959554036 0.10301681518554688
0 0.5178238932291667 0.2809698867797852 0.07822072347005209 0.12287025451660157
0 0.4647610473632812 0.2876002756754557 0.15244669596354166 0.1124268086751302
0 0.9729652913411458 0.28279656728108726 0.05878560384114583 0.1509100087483724
0 0.14051932334899903 0.2765723164876302 0.105227476755778 0.10751546223958333
0 0.13913063685099283 0.3474846522013346 0.10760358174641928 0.2592615509033203
