0 0.2752677536010742 0.6387689208984375 0.16747372945149738 0.7026108805338541
0 0.7037200927734375 0.6627407073974609 0.133714599609375 0.6800052388509115
0 0.6585024007161459 0.6203848520914714 0.08678558349609375 0.562596435546875
0 0.7680891672770181 0.6575341288248697 0.10057510375976562 0.6491669718424479
0 0.44468611399332686 0.5676825714111329 0.08213625590006511 0.5161105346679687
0 0.40841912587483725 0.569912846883138 0.08302665710449218 0.5091460164388021
0 0.5123785654703776 0.33905111948649086 0.0726459248860677 0.15566551208496093
0 0.6476427968343099 0.44151058197021487 0.07088831583658854 0.19772926330566407
0 0.5074684651692708 0.6497593180338541 0.09829691569010417 0.5963356526692708
0 0.5943383534749349 0.6558312733968099 0.13501988728841147 0.6528855895996094
0 0.7012033589680989 0.4157846323649088 0.066151123046875 0.18960718790690104
0 0.4608282979329427 0.4045412826538086 0.06469126383463542 0.179692866007487
