0 0.4659649785359701 0.847569096883138 0.340962397257487 0.3087780253092448
0 0.4490075302124023 0.5408039728800456 0.11569333394368489 0.31870984395345053
0 0.20936646779378254 0.5891208648681641 0.12894315083821614 0.34343063354492187
0 0.1440020815531413 0.7409552510579427 0.21839009602864584 0.4788023885091146
0 0.7398516337076823 0.5127514902750652 0.12213551839192709 0.3959845479329427
0 0.33722717285156245 0.5025475565592448 0.09906529744466146 0.3693140665690104
0 0.869944814046224 0.5059335199991861 0.11814259847005208 0.2830403900146484
0 0.8256888834635416 0.7017592620849609 0.20113362630208334 0.2668272399902344
0 0.5489564768473307 0.5052095794677735 0.10162734985351562 0.4145562235514323
0 0.7834545898437499 0.8262318166097005 0.29554402669270835 0.28583104451497393
0 0.1390394083658854 0.46236227671305336 0.07039886474609375 0.12471850077311197
0 0.8690611521402996 0.618261973063151 0.12640365600585937 0.3192664591471354
0 0.2981773630777995 0.49458752950032553 0.10459381103515625 0.36940109252929687
0 0.7793419901529948 0.6497492980957031 0.14883982340494792 0.27950836181640626
0 0.6305030568440755 0.507719472249349 0.11045405069986979 0.42864013671875
0 0.9642641703287761 0.45975987752278646 0.05477935791015625 0.18936187744140626
0 0.5160550944010417 0.5413057200113932 0.10950531005859375 0.33119511922200523
0 0.9666698201497396 0.5581367619832357 0.06902242024739583 0.3694895172119141
0 0.23913814544677736 0.501348368326823 0.10949389139811198 0.34251953125
0 0.2492800013224284 0.4107460276285807 0.08011029561360677 0.19382848103841147
0 0.23252471923828127 0.3738739267985026 0.07331395467122395 0.14500279744466146
0 0.47421577453613284 0.40711790720621743 0.10876419067382813 0.19624402364095053
