0 0.25500836690266926 0.5223403040568034 0.12556254069010417 0.3469814809163411
0 0.5930391693115235 0.5090887451171875 0.13607538859049478 0.3757908121744792
0 0.34761112213134765 0.5881345367431641 0.19327781677246095 0.4385558573404948
0 0.7434531911214193 0.39903564453125 0.0864288838704427 0.10763071695963541
0 0.6848211924235026 0.38626562754313154 0.06943486531575521 0.1127520497639974
0 0.07830246925354004 0.4400144958496094 0.1028445307413737 0.2445362345377604
0 0.9353834025065104 0.5508762741088867 0.10565531412760416 0.396683832804362
0 0.4864544169108073 0.4922116216023763 0.09294850667317708 0.30603584289550784
0 0.7861377970377604 0.4034586461385091 0.0950469970703125 0.10334861755371094
0 0.14333048502604168 0.3961495081583659 0.04592646280924479 0.14534268697102865
0 0.19354608535766604 0.4736488596598307 0.10285106658935547 0.29609329223632813
0 0.03932770252227783 0.4127766799926758 0.0509565798441569 0.17248456319173178
0 0.13402966817220052 0.45103331247965495 0.09823229471842448 0.2543957773844401
0 0.8154058837890625 0.44434004465738935 0.11272440592447917 0.15570762634277344
