0 0.5784291076660156 0.527834955851237 0.1815283203125 0.503249257405599
0 0.11815049648284912 0.5671872838338217 0.2505700174967448 0.8793510945638021
0 0.3428193918863932 0.5107162729899088 0.17233037312825522 0.4048075866699219
0 0.48851832071940104 0.4146154022216797 0.06124440511067708 0.18317520141601562
0 0.7922777557373046 0.39069591522216796 0.07974706013997396 0.1239690907796224
0 0.9168704732259114 0.3809821573893229 0.11544667561848958 0.15133829752604167
0 0.42350116729736326 0.39115234375 0.0761334482828776 0.16871744791666668
0 0.1307347265879313 0.34520852406819663 0.08458976109822591 0.10104087829589843
0 0.7587116750081381 0.40686346689860026 0.13227462768554688 0.13779955546061198
0 0.258867441813151 0.3703131357828776 0.06467707316080729 0.1551049296061198
0 0.21956427892049155 0.37126688639322913 0.06263510386149089 0.14680074055989584
0 0.7337056986490885 0.35880051930745444 0.05913279215494792 0.08952832539876301
0 0.41828987121582034 0.34578370412190756 0.07001063028971354 0.11003959655761719
0 0.5021490478515624 0.46824337005615235 0.09478485107421875 0.3772625478108724
