0 0.8091263071695963 0.6688373057047525 0.1809759012858073 0.6184071350097656
0 0.38010143280029296 0.5924771626790364 0.13158678690592449 0.6961095174153645
0 0.4789358647664388 0.6020381927490235 0.13223213195800781 0.6792149861653646
0 0.2660507837931315 0.6278853352864584 0.12063997904459635 0.6447330729166667
0 0.6673179880777994 0.6702083333333333 0.15223403930664062 0.639781494140625
0 0.6089226531982421 0.6466380055745442 0.14037002563476564 0.6675006103515625
0 0.36496448516845703 0.4002940241495768 0.12704968770345051 0.21566693623860678
0 0.06945738156636556 0.5187893931070964 0.03149718602498373 0.10574793497721355
0 0.9489143880208334 0.34017822265625003 0.05666910807291667 0.13233739217122395
0 0.12632893244425455 0.5185503387451171 0.03551525115966797 0.12650975545247395
