0 0.3484213892618815 0.5623108673095704 0.1858117421468099 0.6144749450683594
0 0.07566428343454996 0.5635207875569661 0.13645534515380858 0.6490204874674479
0 0.8954071044921875 0.599604975382487 0.2130059814453125 0.7109755452473958
0 0.5085360463460287 0.4846437835693359 0.12966751098632812 0.45639780680338543
0 0.6476969909667969 0.5630201721191406 0.19859110514322917 0.6370641072591146
0 0.814580103556315 0.3641869354248047 0.04987228393554687 0.16470993041992188
0 0.759397939046224 0.36417064666748045 0.046153666178385414 0.14657437642415364
0 0.8907310994466147 0.3678037261962891 0.04850382486979166 0.1764544169108073
0 0.9492354838053385 0.34410750071207685 0.07435292561848958 0.14098721822102864
0 0.872007573445638 0.3608867518107096 0.04549982706705729 0.17395708719889322
0 0.7880553690592449 0.36347535451253254 0.05224110921223958 0.16192288716634115
0 0.5175659688313802 0.348522580464681 0.12598063151041666 0.2333342742919922
0 0.837844263712565 0.3609505716959635 0.042183176676432295 0.16383941650390624
0 0.9271530151367188 0.36413077036539715 0.054022420247395835 0.17354947408040364
