0 0.14349756240844727 0.45183205922444664 0.05016961415608724 0.16308616638183593
0 0.23250321706136068 0.46576370239257814 0.049738286336263024 0.189443359375
0 0.735469462076823 0.6152677663167317 0.0673687744140625 0.25398656209309894
0 0.1999934959411621 0.4603441238403321 0.038649126688639325 0.1694287363688151
0 0.8705533599853517 0.6295896657307943 0.07581324259440105 0.30548405965169273
0 0.5782532755533855 0.5946957397460937 0.07326314290364583 0.21842539469401043
0 0.3567627716064453 0.49899983723958335 0.06350296020507812 0.22766062418619792
0 0.7667686971028647 0.6282518768310547 0.0754595947265625 0.27907811482747397
0 0.17862525939941407 0.44981839497884113 0.031803309122721356 0.1575249735514323
0 0.2873802185058594 0.48899765014648433 0.05019831339518229 0.2066919962565104
0 0.9648696899414063 0.6873526000976563 0.0648187255859375 0.18350789388020833
0 0.5157324727376302 0.5207109959920247 0.06373667399088542 0.20195650736490886
0 0.7953156280517578 0.6119397735595703 0.06275894165039063 0.23674728393554687
0 0.6558657073974609 0.5702654520670573 0.07419825236002604 0.2140210978190104
0 0.44400826772054036 0.5147303517659505 0.07472201029459635 0.27491663614908857
0 0.8343052164713541 0.6238878377278646 0.07334025065104166 0.2974103800455729
0 0.2508899052937826 0.47209531148274736 0.042316919962565105 0.19965235392252603
0 0.1258358669281006 0.4336063766479492 0.04963319778442383 0.15604326883951822
