0 0.622154286702474 0.4574027887980143 0.12161610921223959 0.3349822235107422
0 0.5079425303141276 0.7858169047037761 0.4883730061848958 0.2969603474934896
0 0.41096185048421224 0.45436129252115887 0.13405896504720052 0.29681788126627606
0 0.7089937845865886 0.46385402679443355 0.10355295817057292 0.309429194132487
0 0.5135267384847005 0.4479986572265625 0.13219965616861978 0.3044793701171875
0 0.9475777689615886 0.4343858591715495 0.08211883544921875 0.13931015014648437
0 0.05933812220891317 0.43986063639322914 0.10820016225179037 0.16624125162760417
0 0.1743833541870117 0.438992805480957 0.09127362569173177 0.12477226257324218
0 0.5687552134195963 0.4512395604451498 0.13366195678710938 0.32123680114746095
0 0.6936948903401692 0.7949141947428386 0.5325032043457031 0.28331492106119793
