0 0.3693976847330729 0.6916309865315755 0.2350652058919271 0.5111168924967447
0 0.5204557037353515 0.150335107644399 0.09155929565429688 0.31777376810709634
0 0.6542778015136719 0.6649452972412109 0.185408935546875 0.6350843302408854
0 0.22594502131144206 0.8451855977376302 0.20547328948974608 0.32391693115234377
0 0.5364886983235677 0.87928591410319 0.17401885986328125 0.23353917439778646
0 0.9491421000162761 0.2347625923156738 0.08633677164713542 0.3307991027832031
0 0.3197584788004557 0.9252313232421875 0.16131200154622397 0.14568074544270834
0 0.17777119954427084 0.04524596214294434 0.07787541707356771 0.10229212443033854
0 0.2843124262491862 0.2093292808532715 0.08120999654134115 0.1540199661254883
0 0.35612634023030604 0.11509597460428875 0.07121218363444011 0.19914876302083334
0 0.20156280517578126 0.20006540298461914 0.08349202473958334 0.1175222396850586
0 0.9627928670247395 0.16838961283365886 0.06540445963541666 0.21371378580729167
0 0.25752964019775393 0.09662228107452392 0.07480120340983074 0.17104598999023438
0 0.61760498046875 0.11867421150207519 0.06788970947265625 0.26758402506510415
0 0.048844149510065715 0.6208731333414713 0.09195425033569336 0.45930999755859375
0 0.38869003295898436 0.188400452931722 0.0745068868001302 0.27023170471191404
