0 0.6822686258951822 0.5571164957682292 0.16773966471354165 0.49718892415364585
0 0.4562347793579101 0.5798187001546224 0.11691449483235677 0.5118454996744791
0 0.18739452997843425 0.4758346684773763 0.08139364878336589 0.3351714833577474
0 0.3556093470255534 0.46076424916585285 0.054074885050455726 0.26951459248860676
0 0.2589987564086914 0.4499283599853515 0.05144315083821615 0.23409469604492186
0 0.5594403839111328 0.5234569422403972 0.09491551717122396 0.3946246083577474
0 0.23899252573649088 0.47260440826416017 0.07470812479654948 0.3151050059000651
0 0.0683689292271932 0.5558230845133463 0.10598946889241537 0.5142543029785156
0 0.2031601079305013 0.412937863667806 0.07319313049316406 0.22946840922037762
0 0.04671619494756063 0.3988795216878255 0.10265029271443685 0.2402771504720052
0 0.2770165761311849 0.42088480631510417 0.043536173502604164 0.18202728271484375
0 0.8560190582275391 0.5246831766764323 0.12517807006835938 0.5282684326171875
0 0.5470584106445312 0.4427820078531901 0.0753082275390625 0.2341045633951823
