0 0.27685177485148116 0.4990342966715495 0.15284008026123047 0.3579028828938802
0 0.5765356953938803 0.5023923492431641 0.15099690755208334 0.3518492126464844
0 0.4029046376546224 0.467873649597168 0.1487499491373698 0.41578325907389324
0 0.6630800374348959 0.40545513153076174 0.10241923014322916 0.2529603830973307
0 0.8910428365071614 0.4558246485392252 0.06619211832682291 0.17224352518717448
0 0.7571064758300782 0.4104999033610026 0.11224161783854167 0.20069869995117187
0 0.971140391031901 0.44551844278971353 0.06193166097005209 0.15462799072265626
0 0.06810759544372559 0.4706448618570963 0.10654186884562175 0.25872400919596356
0 0.8546494547526042 0.3902757517496745 0.06707051595052084 0.16172205607096354
0 0.6165753428141276 0.4205397033691406 0.12390935262044271 0.2694788614908854
0 0.7808691151936848 0.38054144541422524 0.07833328247070312 0.16364092508951822
0 0.04299811283747355 0.425721804300944 0.07790474573771158 0.17916542053222656
