0 0.12454735438028972 0.6019610850016276 0.2550065358479818 0.8244915262858072
0 0.9394982401529949 0.5320221837361654 0.08236297607421875 0.4258598073323568
0 0.44048967997233074 0.5811508433024088 0.14165135701497397 0.47453786214192706
0 0.8273906707763672 0.5365374501546224 0.1166704813639323 0.4682905069986979
0 0.678991928100586 0.5471915181477864 0.16169286092122395 0.538898213704427
0 0.8809617869059245 0.5316494496663411 0.10360885620117187 0.46336954752604165
0 0.5413896942138672 0.5549815368652343 0.11383682250976562 0.4906586710611979
0 0.29252928415934243 0.5601976267496744 0.16193545023600261 0.6049491882324218
0 0.7260985819498698 0.5236083730061849 0.11336863199869791 0.4748924763997396
0 0.7718196614583334 0.5197270711263021 0.10604217529296875 0.4641753133138021
0 0.6009758758544923 0.5703266143798829 0.17053665161132814 0.5181967163085938
0 0.3614605712890625 0.5810039520263672 0.16352020263671874 0.5306746927897136
0 0.19833073298136394 0.5276581064860026 0.10271770477294923 0.42686904907226564
0 0.9657980855305989 0.5275405629475911 0.06358734130859375 0.39623509724934897
