0 0.139429190158844 0.5035967254638671 0.2712517547607422 0.5962541198730469
0 0.5134049606323242 0.5175623321533203 0.22057055155436198 0.54960205078125
0 0.7203882853190103 0.3880646769205729 0.10700286865234375 0.32026194254557294
0 0.29929049173990885 0.4888212331136068 0.1942735799153646 0.5421635437011719
0 0.6706244150797527 0.3788292694091797 0.11571467081705729 0.333818613688151
0 0.4932948303222656 0.2794023513793945 0.1329693603515625 0.16993573506673176
0 0.622675298055013 0.3537830988566081 0.1123058573404948 0.3445711517333984
0 0.5678194681803386 0.35588804880777997 0.11979339599609375 0.35534922281901044
0 0.9670484924316406 0.36367640177408855 0.060344340006510414 0.21984395345052082
0 0.5832246653238932 0.2902626609802246 0.12974807739257813 0.18631239573160807
0 0.7297416178385416 0.301990229288737 0.08037994384765625 0.1541920471191406
