0 0.5371974182128907 0.5727709579467773 0.352052001953125 0.9072900390625
0 0.3010048802693685 0.4106711196899414 0.10835289001464844 0.35810407002766925
0 0.8244293467203776 0.36851229349772135 0.18482925415039062 0.5128702290852865
0 0.216824099222819 0.36264747619628906 0.1111682383219401 0.4336095174153646
0 0.9455806477864583 0.3515176963806152 0.09738037109375 0.5279271443684895
0 0.7266873677571615 0.3200467046101888 0.10420766194661459 0.3778216298421224
0 0.29632720947265623 0.23527221043904623 0.09906804402669271 0.16692063649495442
0 0.11109983444213867 0.34821669260660804 0.13030682881673178 0.46127477010091145
0 0.4856277211507162 0.18550570170084635 0.07826126098632813 0.13792683919270834
0 0.40748491923014324 0.5715211359659831 0.21337254842122397 0.7206749471028646
0 0.38968812306722006 0.1809002685546875 0.11433998107910157 0.1423436991373698
0 0.8980399831136068 0.3605112965901693 0.14218602498372396 0.5778580220540365
0 0.6573030598958334 0.20176088968912761 0.0777435302734375 0.09901835123697916
0 0.4089242808024089 0.29176219940185544 0.13531946818033855 0.26669850667317707
0 0.4055017852783203 0.14820830663045248 0.09225031534830729 0.09454942067464192
