0 0.3437605285644531 0.5481189982096354 0.11272364298502605 0.4574653116861979
0 0.4455078633626302 0.4910515594482422 0.119803466796875 0.45434977213541666
0 0.9407897440592448 0.5139735921223958 0.10529713948567708 0.4768731689453125
0 0.5685898081461589 0.8259431203206381 0.16445470174153645 0.32083653767903647
0 0.6557666778564454 0.5121969604492187 0.1341778055826823 0.39039337158203125
0 0.6933377329508463 0.18250667889912925 0.0893744405110677 0.29582303365071616
0 0.3680393346150716 0.11678793748219808 0.0759917958577474 0.22989354451497396
0 0.8076876576741536 0.5933180363972982 0.14328374226888022 0.3916631825764974
0 0.9407916259765625 0.3668662897745768 0.1080413818359375 0.2106842295328776
0 0.818814697265625 0.4533344523111979 0.11369730631510416 0.332728271484375
0 0.46404547373453775 0.12575796127319336 0.10105822245279948 0.18985645294189454
0 0.5584527333577474 0.50274658203125 0.11961400349934896 0.39675750732421877
0 0.06008277028799057 0.8496101633707682 0.12097576141357422 0.3268040466308594
0 0.9380196126302084 0.24891497294108073 0.06966532389322917 0.17635111490885416
0 0.6039711252848308 0.17211737314860026 0.09240982055664063 0.2713924153645833
0 0.9713330078125001 0.1845398775736491 0.058127644856770834 0.21709711710611979
0 0.6257111612955728 0.3789154307047526 0.1275933837890625 0.2018842061360677
0 0.9463265482584635 0.31141591389973955 0.08632334391276042 0.16378926595052085
0 0.8165065765380859 0.3464052454630534 0.08083450317382812 0.15122479756673177
0 0.7810131835937499 0.4135105387369792 0.12943339029947917 0.25781280517578126
