0 0.44213589986165364 0.4764243825276693 0.08796890258789063 0.3757543436686198
0 0.6636135101318359 0.47797256469726557 0.08991907755533854 0.3832655843098958
0 0.5483326466878256 0.4719319279988607 0.0827368672688802 0.3628466542561849
0 0.5128308614095052 0.474156977335612 0.08076670328776042 0.3826970926920573
0 0.715071029663086 0.4650138600667318 0.08399856567382813 0.38292861938476563
0 0.18715801239013674 0.5936234792073567 0.1415674082438151 0.5956954956054688
0 0.28742326100667315 0.4619793192545573 0.0829443613688151 0.3478263346354167
0 0.40960906982421874 0.4641295878092448 0.07887939453125 0.35742085774739585
0 0.6251362609863281 0.47745250701904296 0.07744099934895833 0.3874409739176432
0 0.8173765309651693 0.4340148671468099 0.09761937459309895 0.2804491678873698
0 0.8501805114746094 0.536454397837321 0.3277853393554688 0.8987809244791667
0 0.6792433166503906 0.37828769683837893 0.07459747314453125 0.1847069549560547
0 0.34015748341878255 0.4476766713460286 0.07221717834472656 0.3361671447753906
0 0.7818270874023437 0.4507232666015625 0.09212239583333333 0.30987711588541667
0 0.24882673263549804 0.4860340627034505 0.08447528839111328 0.3997539774576823
