0 0.5030741628011067 0.5319114430745442 0.09553268432617187 0.3613231913248698
0 0.28598463694254556 0.5241531753540039 0.10540651957194011 0.3833516693115234
0 0.3849192174275716 0.520480562845866 0.11685905456542969 0.4033054351806641
0 0.7654589335123697 0.518961067199707 0.11224212646484374 0.3461527760823568
0 0.8664740753173827 0.5215479787190755 0.10915166219075521 0.3491035461425781
0 0.6746408335367838 0.5198889287312826 0.09629257202148438 0.354430414835612
0 0.5676932271321614 0.5287683614095052 0.09181427001953125 0.3509939575195313
0 0.6034397379557291 0.5254437255859374 0.09492716471354166 0.3453685506184896
0 0.9489677429199219 0.51508544921875 0.08638112386067709 0.3606853230794271
0 0.17081356048583984 0.5529402923583985 0.12243843078613281 0.44892079671223956
0 0.725364735921224 0.5260658899943034 0.10169209798177083 0.3556785837809245
