0 0.2234973398844401 0.5720024108886719 0.22261311848958334 0.45293558756510416
0 0.6014517974853516 0.5537232716878255 0.13468002319335937 0.3782936096191406
0 0.061871052980422975 0.48196002960205075 0.1352300516764323 0.3460987599690755
0 0.3632789611816406 0.5098149871826172 0.1360130818684896 0.308245595296224
0 0.8314818064371745 0.5365214920043946 0.15003260294596354 0.39877606709798175
0 0.7080027516682943 0.5436870447794596 0.13497451782226563 0.4094306182861328
0 0.706703364054362 0.3643280029296875 0.11213068644205729 0.08218353271484374
0 0.3981546274820964 0.6068557484944661 0.15219141642252604 0.2703442891438802
0 0.9479107666015625 0.5424264526367187 0.10995829264322916 0.42298614501953125
0 0.34517673492431644 0.425270881652832 0.13347084045410157 0.17918418884277343
0 0.08049567540486653 0.3965919748942057 0.11571249643961588 0.15363062540690103
0 0.42976636250813804 0.6636619567871094 0.1773308817545573 0.1998991902669271
