0 0.5523055267333984 0.568068364461263 0.3971941630045573 0.8432224019368489
0 0.3862862141927083 0.5603248850504557 0.2752888997395833 0.6859337361653646
0 0.16317529678344728 0.36177959442138674 0.15653916676839194 0.537233632405599
0 0.04585372010866801 0.3841411590576172 0.08112793604532878 0.45041697184244794
0 0.8840281168619791 0.3240881665547689 0.12103495279947916 0.569420420328776
0 0.6591194915771484 0.2666274897257487 0.06366785685221354 0.15309232076009113
0 0.6870864613850911 0.4396688461303711 0.18014755249023437 0.6196356709798178
0 0.25638425191243486 0.2729131507873535 0.045528411865234375 0.1423836898803711
0 0.7585095723470052 0.3552302106221517 0.12288523356119792 0.5159711201985677
0 0.5487620290120443 0.18718783696492514 0.13400171915690104 0.19998738606770833
0 0.6252089691162109 0.235828800201416 0.05242874145507812 0.1304154586791992
