0 0.2815148544311523 0.5092656707763672 0.11325406392415364 0.4761606852213542
0 0.6664337921142578 0.4937694040934245 0.0973645528157552 0.369613291422526
0 0.1708965237935384 0.6212543233235677 0.12104691823323567 0.2934782918294271
0 0.8313204447428385 0.4734204355875651 0.06648325602213542 0.3786624654134115
0 0.5620731608072916 0.450850346883138 0.08478342692057292 0.3450541687011719
0 0.7782045491536459 0.4789702351888021 0.07136800130208333 0.35819529215494794
0 0.7189822896321614 0.4831708399454753 0.07936370849609375 0.3492902374267578
0 0.38916024525960285 0.4912912877400716 0.0965783945719401 0.4071630096435547
0 0.6135007731119791 0.4707093811035156 0.08913716634114584 0.35073862711588544
0 0.17547744750976563 0.2616589546203613 0.056547292073567706 0.14933610280354817
