0 0.3698572667439779 0.8130796559651693 0.33971387227376304 0.37107030232747396
0 0.2330030123392741 0.5938832219441732 0.09077121734619141 0.34961392720540363
0 0.4344322331746419 0.5675924428304037 0.09947232564290365 0.34632848103841146
0 0.9146492513020833 0.5272453816731771 0.051237996419270834 0.17481821695963543
0 0.07243066469828288 0.5677454376220703 0.06744188944498698 0.20758448282877603
0 0.13180088996887207 0.5478658548990886 0.05429156621297201 0.1928875732421875
0 0.3785730616251628 0.5144809977213541 0.044988276163736976 0.1460101318359375
0 0.5600105285644531 0.5701518630981445 0.07692718505859375 0.32304049173990884
0 0.7829701741536459 0.5541093444824219 0.0658258056640625 0.24946370442708332
0 0.607947006225586 0.5724096425374349 0.07757268269856771 0.3152691141764323
0 0.019758115410804748 0.5649808502197265 0.04594418207804362 0.19519088745117188
0 0.8474774424235025 0.5254803848266602 0.06177851359049479 0.23993563334147136
0 0.3253060913085937 0.5252155049641927 0.1117840576171875 0.16013814290364584
0 0.8464728291829426 0.7231927744547526 0.26252593994140627 0.5378966776529948
0 0.8221647389729817 0.5415244801839193 0.07967198689778646 0.28685307820638023
0 0.3364939880371094 0.6559181976318359 0.10921549479166667 0.29002558390299477
0 0.03853483438491821 0.5626084899902344 0.05265008926391602 0.203582763671875
