0 0.8551270802815755 0.4363561375935872 0.19584243774414062 0.33963584899902344
0 0.4156983184814453 0.4999732971191406 0.13062220255533855 0.22836934407552084
0 0.7227773539225261 0.40380966186523437 0.10544789632161458 0.24779876708984375
0 0.13841086705525715 0.4542223485310872 0.151789067586263 0.35180686950683593
0 0.0478697552283605 0.45155133565266925 0.09063076655069988 0.3452167256673177
0 0.5371362686157227 0.5407203420003255 0.24387646993001302 0.4483300272623698
0 0.6285831960042317 0.40162567138671873 0.11989710489908854 0.2499504597981771
0 0.6720506795247396 0.4039655049641927 0.11450958251953125 0.24132639567057293
0 0.28602701822916665 0.39828587849934893 0.11301869710286458 0.1848731486002604
0 0.218670228322347 0.3660644276936849 0.11341302235921225 0.17580245971679687
