0 0.7213394673665364 0.3075048955281575 0.10876881917317709 0.16091245015462238
0 0.08638100544611613 0.6091893259684245 0.1665311050415039 0.43081141153971353
0 0.8661039225260417 0.1924501609802246 0.10767069498697916 0.1554495112101237
0 0.7783808135986329 0.18916399637858072 0.08551518758138021 0.15125574747721354
0 0.044043311278025306 0.2538255945841471 0.09690426508585612 0.33156491597493487
0 0.6105291748046875 0.20453430811564127 0.08246683756510417 0.1982358169555664
0 0.528632583618164 0.49225340525309247 0.17361465454101563 0.41834688822428384
0 0.9292581176757813 0.4040143775939941 0.157147216796875 0.6633429463704427
0 0.20320051193237304 0.22454235712687176 0.11349587758382161 0.17496562957763673
0 0.5229282887776693 0.2009291140238444 0.08150365193684896 0.14183612823486327
0 0.15193970362345377 0.220391960144043 0.06358618418375651 0.16502398173014324
0 0.09498761812845866 0.20578198750813803 0.055102965037027996 0.1830017598470052
0 0.30620798746744793 0.18750441233317056 0.13091094970703124 0.22421117146809896
0 0.11961070378621419 0.21601258595784506 0.059251899719238284 0.18091540018717447
