0 0.7646906280517578 0.5902337900797526 0.09247960408528645 0.43272125244140625
0 0.13577816009521484 0.7251211293538411 0.17506304423014324 0.5274434916178385
0 0.8632811482747397 0.5613053385416666 0.08318379720052084 0.3524364217122396
0 0.5534166717529296 0.694559580485026 0.11540186564127604 0.49685333251953123
0 0.6463382212320963 0.6581713104248047 0.08919540405273438 0.4601378885904948
0 0.38383668263753257 0.7196704610188802 0.1474726104736328 0.5430724080403646
0 0.29088368733723957 0.7424070485432943 0.1359227498372396 0.4859626770019531
0 0.47448305765787757 0.7147076161702475 0.16579849243164063 0.5619806416829427
0 0.8364004262288411 0.5265054066975912 0.05488917032877604 0.28230748494466146
0 0.7373543802897136 0.4837967046101888 0.07086883544921875 0.20961077372233072
0 0.7851243082682291 0.4928313446044922 0.056473388671875 0.2232738749186198
0 0.941148681640625 0.5222809473673502 0.0840618896484375 0.34485532124837237
