0 0.10905047416687012 0.26065510431925454 0.09119966506958008 0.13887625376383464
0 0.3281274159749349 0.4703643290201823 0.09613835652669271 0.4029200236002604
0 0.43830757141113286 0.4682800547281901 0.15420984903971355 0.44519109090169273
0 0.8905557250976562 0.5358392588297526 0.13973673502604167 0.6859827677408854
0 0.24397464116414386 0.4623784764607748 0.07982364654541016 0.40117271423339845
0 0.5420406087239583 0.3333112970987956 0.0588787841796875 0.15624702453613282
0 0.7238011169433595 0.467960688273112 0.12063527425130208 0.4343316141764323
0 0.666323471069336 0.4590828959147135 0.11998499552408855 0.4098469034830729
0 0.6000574239095052 0.34087825775146485 0.05568359375 0.17452980041503907
0 0.28265482584635415 0.3378368123372396 0.06066238403320313 0.15283655802408855
0 0.6142619323730468 0.41112818400065104 0.10705637613932292 0.3040771484375
0 0.49526850382486975 0.3218401590983073 0.0660791015625 0.15394587198893228
