0 0.7750464375813801 0.5419584401448567 0.19069732666015626 0.5544768269856771
0 0.5593018849690755 0.5438003794352213 0.19742874145507813 0.5879638163248698
0 0.9292469278971354 0.5377255503336589 0.1523095703125 0.5228668212890625
0 0.28235777537027995 0.45786056518554685 0.10128730773925781 0.38350148518880206
0 0.1451975440979004 0.5279961140950521 0.10515097300211589 0.45259521484375
0 0.3871341323852539 0.524902826944987 0.13587577819824218 0.44118428548177085
0 0.1641752560933431 0.20217328389485678 0.050226605733235674 0.13108489990234376
0 0.5417155202229818 0.28489524841308594 0.0921300760904948 0.092794189453125
0 0.06851565678914388 0.5705831146240234 0.12189038594563802 0.48209925333658854
0 0.21147038141886393 0.21035136540730795 0.05871227264404297 0.1391103998819987
0 0.23227643330891928 0.30669835408528645 0.06843190511067708 0.14599390665690104
0 0.46726323445638024 0.31113452911376954 0.08192138671875 0.13189125061035156
0 0.4511771774291992 0.5202576446533203 0.11660703023274739 0.4667855834960937
0 0.22427029927571615 0.25739487330118815 0.07335962931315104 0.14826857248942057
0 0.37016517639160157 0.33586775461832685 0.10310923258463542 0.10721463521321614
0 0.8681367492675781 0.3197627639770508 0.06686350504557291 0.11262224833170573
0 0.0698403533299764 0.22570876439412435 0.05244109153747559 0.12221411387125651
