0 0.18734366099039715 0.6369009145100911 0.22068806966145835 0.3709234110514323
0 0.4540920130411784 0.577818374633789 0.20765520731608073 0.4545783487955729
0 0.8260507202148437 0.21178869247436521 0.1053826904296875 0.2851575724283854
0 0.4903133010864258 0.25448843638102214 0.1351915740966797 0.245580317179362
0 0.23924006779988605 0.4857529703776042 0.14325682322184244 0.28694254557291665
0 0.7294602457682292 0.4846019744873047 0.17406789143880208 0.3386921691894531
0 0.6231251780192057 0.3541404851277669 0.1083856709798177 0.32817423502604165
0 0.911257832845052 0.14616225679715475 0.1281146240234375 0.2824219767252604
0 0.6062735748291015 0.7879566446940104 0.24032211303710938 0.24894795735677083
0 0.05902964572111766 0.24722785313924153 0.11343336741129557 0.30436561584472654
0 0.5175283432006836 0.7830878194173176 0.18572537740071615 0.21172617594401041
0 0.7213394673665365 0.24887449900309244 0.10736338297526042 0.27359636942545573
0 0.9120187377929687 0.34492050170898436 0.14815714518229167 0.19940938313802084
0 0.13767653783162434 0.4987189483642578 0.153419189453125 0.29081527709960936
0 0.38263476053873696 0.06473274230957031 0.07769383748372395 0.13775906880696615
0 0.8236048889160157 0.6630057525634765 0.3276128133138021 0.5055546061197916
0 0.4019801839192709 0.2779013442993164 0.11591359456380208 0.27355979919433593
0 0.33202701568603515 0.06900092124938965 0.14443707784016926 0.13409988403320314
0 0.4264066950480143 0.2980390230814616 0.0913312021891276 0.18940926869710287
0 0.6137924194335938 0.2408755429585775 0.11743662516276042 0.2788786315917969
0 0.9723730977376303 0.33711910247802734 0.06064544677734375 0.15292833964029948
