0 0.8051814778645833 0.6652451578776042 0.3049617513020833 0.6734147135416667
0 0.5526458231608072 0.5269659423828125 0.09817362467447917 0.3615599568684896
0 0.45447008768717445 0.5273039372762045 0.08843541463216145 0.38580787658691407
0 0.65697265625 0.5325933074951172 0.12672576904296876 0.38226343790690104
0 0.2977117665608724 0.8099438730875651 0.23190409342447918 0.3878482564290365
0 0.10880123575528462 0.7081250254313152 0.22747909545898437 0.589319356282552
0 0.4011385981241862 0.522707748413086 0.11119926452636719 0.3900463358561198
0 0.5166964213053385 0.5214381154378255 0.08045318603515625 0.3769636535644531
0 0.3576463445027669 0.5102973683675129 0.10738970438639323 0.3579683939615885
0 0.137194398244222 0.5696297454833984 0.1102926762898763 0.18689854939778647
