0 0.3892958068847656 0.5503843561808268 0.2884459431966146 0.675976308186849
0 0.8271761067708333 0.5587386576334635 0.19049397786458333 0.6456731160481771
0 0.8935837046305338 0.6074898783365885 0.18048477172851562 0.7097299194335938
0 0.6105461120605469 0.6105628712972005 0.177791748046875 0.6242344156901042
0 0.07682011127471924 0.4615165201822916 0.12117743174235027 0.5077997843424479
0 0.24293652852376302 0.49004287719726564 0.10568751017252605 0.39974761962890626
0 0.534427261352539 0.3470144271850586 0.1398540751139323 0.20195655822753905
0 0.27641129175821944 0.5835455830891927 0.1806674575805664 0.6065294392903646
0 0.6717483774820964 0.29575623830159503 0.09437525431315104 0.11061485290527344
0 0.18619389851888019 0.4576692454020182 0.09294118245442708 0.3556561787923177
0 0.7738240305582682 0.34341829935709633 0.12643834431966147 0.18089218139648439
