0 0.612154057820638 0.6205953979492187 0.17101964314778645 0.32988057454427083
0 0.19657965977986655 0.5809965260823567 0.11712581634521485 0.4919049580891927
0 0.4869919840494792 0.657809092203776 0.2710805257161458 0.3997510782877604
0 0.6723271179199218 0.43834136962890624 0.05890452067057292 0.2172137451171875
0 0.5912684377034505 0.4238816452026367 0.09418736775716145 0.20972989400227865
0 0.3614765421549479 0.4548534266153971 0.08376322428385417 0.2828269195556641
0 0.7517307535807292 0.45133169809977214 0.061849365234375 0.21491533915201824
0 0.4672934087117513 0.45083323160807287 0.09599454243977865 0.2634595743815104
0 0.9425064086914062 0.39192530314127605 0.05041361490885417 0.10103220621744792
0 0.612747548421224 0.5334796778361003 0.12355611165364583 0.23866106669108073
