0 0.3611433029174805 0.48458436330159504 0.2712755076090495 0.5789294942220052
0 0.6364684041341145 0.3677665074666341 0.10780110677083334 0.4098429870605469
0 0.20419506708780924 0.4310107040405273 0.07797913869222005 0.09064491271972656
0 0.2848976262410482 0.300768076578776 0.045440902709960936 0.1636620076497396
0 0.169225705464681 0.2997255833943685 0.04547429402669271 0.1684526824951172
0 0.5188396962483723 0.4011147944132487 0.13199854532877603 0.43273351033528645
0 0.7796257019042969 0.2793983586629232 0.04824066162109375 0.12852734883626302
0 0.8642692565917969 0.2829371007283529 0.062288920084635414 0.13790423075358074
0 0.5548208363850912 0.46002548217773437 0.10344029744466146 0.4670881144205729
0 0.8724979146321614 0.38292008717854814 0.10075714111328125 0.1032012685139974
0 0.7307685089111329 0.4143647384643555 0.1295807393391927 0.16869901021321615
0 0.4598333740234375 0.45996177673339844 0.20058380126953124 0.5520733642578125
0 0.6295303599039713 0.2681819852193197 0.0843085225423177 0.1661728541056315
0 0.9249716695149739 0.27675464630126956 0.04262176513671875 0.11051958719889322
