0 0.5030812327067058 0.45590825398763024 0.13269210815429688 0.3564940388997396
0 0.6053398132324218 0.5219412994384766 0.14123952229817707 0.45401692708333335
0 0.33110094706217447 0.4149213663736979 0.11081100463867187 0.30086496988932293
0 0.08682168960571289 0.357002321879069 0.059389559427897136 0.1717748769124349
0 0.6826710255940756 0.3623332214355469 0.05363499959309896 0.13201446533203126
0 0.7554708607991537 0.38582996368408207 0.05679509480794271 0.1576750946044922
0 0.9527809143066406 0.4904401270548503 0.08827545166015625 0.3573620351155599
0 0.8088890329996745 0.39341739654541014 0.06939915974934896 0.14451683044433594
0 0.12692479451497396 0.3377189636230469 0.04386835734049479 0.14411895751953124
0 0.5617906443277995 0.4640290323893229 0.12252761840820313 0.3747445678710937
0 0.036537157694498695 0.2799046007792155 0.05243846893310547 0.14100205739339192
0 0.7024579620361329 0.38241106669108077 0.04101994832356771 0.1165484110514323
