0 0.5596157073974609 0.7845109049479166 0.1413646952311198 0.42182027180989584
0 0.35438863118489583 0.8270937601725261 0.13793558756510416 0.3319184366861979
0 0.2658019002278646 0.4540206400553386 0.105419921875 0.37804443359375
0 0.7294789632161458 0.7449639892578125 0.11978017171223958 0.424327392578125
0 0.5567062632242838 0.46176746368408206 0.0935504659016927 0.289802983601888
0 0.20018452326456704 0.814023920694987 0.16386287689208984 0.38441309611002605
0 0.7345919799804688 0.5977971649169922 0.09161590576171875 0.11033930460611979
0 0.8198593902587891 0.8096100870768229 0.3059808858235677 0.37939249674479164
0 0.3973467381795247 0.7096070607503255 0.09782310485839844 0.3313907368977865
0 0.5113321685791016 0.4437210591634115 0.09218561808268229 0.30532623291015626
0 0.3912278620402018 0.6326698303222656 0.08032971700032553 0.1563873291015625
0 0.6691472625732422 0.4638537089029948 0.07999445597330729 0.309420166015625
0 0.9347564188639322 0.6165976969401041 0.05372568766276042 0.1412152099609375
0 0.7744712320963543 0.4029307683308919 0.07488189697265625 0.3471294911702474
0 0.5678454081217448 0.10649868647257486 0.0545098876953125 0.15806755065917968
0 0.8623716227213541 0.5670140329996745 0.10947306315104166 0.20498611450195312
0 0.7914287312825521 0.3592071278889974 0.06760752360026041 0.2062345886230469
0 0.18938613255818684 0.4407897059122721 0.10578573862711589 0.36215349833170574
0 0.6013338979085288 0.46280298868815106 0.08343399047851563 0.29893829345703127
0 0.34576356252034507 0.7233299001057942 0.11094922383626302 0.3391472880045573
0 0.4348261642456055 0.1508155377705892 0.04966784159342448 0.11693219502766927
0 0.6091023763020833 0.7703185017903645 0.11661590576171875 0.408934326171875
0 0.18274409612019857 0.6834808603922526 0.12212528228759766 0.32096766153971357
0 0.9011539713541666 0.5636887613932292 0.06551350911458333 0.1577875773111979
0 0.7190285237630208 0.4126012166341146 0.07306722005208334 0.34768269856770834
0 0.3777684020996094 0.14440963745117188 0.05927698771158854 0.129523188273112
0 0.5006035614013672 0.11138645172119141 0.06089655558268229 0.15307467142740885
0 0.30243989308675134 0.6594784291585287 0.1044066619873047 0.30496546427408855
