0 0.16866665522257487 0.3957508722941081 0.138314692179362 0.41831192016601565
0 0.8891843668619792 0.7495869445800781 0.21462056477864583 0.49818186442057294
0 0.6831771087646484 0.7272609202067057 0.20548650105794272 0.5389478047688802
0 0.24076377868652343 0.8378550974527995 0.41439061482747397 0.3105516052246094
0 0.25933990478515623 0.5607360585530599 0.19120768229166665 0.2678898620605469
0 0.06888495763142903 0.4028499221801758 0.11809730529785156 0.40096399943033856
0 0.8907740783691406 0.33598448435465494 0.15797943115234375 0.20017163594563803
0 0.29441295623779296 0.39218046824137365 0.12255383809407552 0.2743812306722005
0 0.5076078033447265 0.2761398569742839 0.09522801717122396 0.15607757568359376
0 0.6120160166422526 0.7031349690755209 0.18882919311523438 0.5514288330078125
0 0.6076883188883464 0.5600385538736979 0.13659011840820312 0.2866572062174479
0 0.49833689371744794 0.5699730682373046 0.13502410888671876 0.4422120157877604
0 0.7766314697265625 0.38795644124348955 0.09557423909505208 0.12778727213541666
0 0.7836864725748698 0.3295337677001953 0.08713450113932292 0.1334453837076823
0 0.691299794514974 0.3302154541015625 0.08979929606119792 0.1886280314127604
0 0.40362242380777996 0.41612380981445307 0.09141990661621094 0.2958899943033854
0 0.4098831431070964 0.325482546488444 0.07274754842122395 0.14488054911295573
0 0.42109813690185544 0.37658243815104164 0.08254900614420572 0.1871631876627604
0 0.6086912282307942 0.3191702397664388 0.08100570678710937 0.18011385599772137
0 0.7562364196777344 0.43261773427327477 0.1295622762044271 0.17436322530110676
0 0.8732543436686198 0.5662888081868489 0.14144073486328124 0.24976348876953125
0 0.9295858256022135 0.63118408203125 0.13025319417317707 0.3009740193684896
0 0.9521643575032552 0.49806205749511717 0.09196278889973958 0.11998967488606771
0 0.7573896789550781 0.5177448908487956 0.12734903971354167 0.20471631368001303
