0 0.5027929306030273 0.5396358489990234 0.2487609608968099 0.524703114827474
0 0.8745716094970704 0.39154644012451173 0.14503890991210938 0.3781174723307292
0 0.5787601979573568 0.489193369547526 0.23342269897460938 0.5193687947591146
0 0.7717283376057942 0.39603216807047525 0.1298010762532552 0.3847259012858073
0 0.6724356842041016 0.13711039861043295 0.07564509073893229 0.1316513188680013
0 0.19744403839111327 0.1303745714823405 0.06891624450683594 0.13287244160970052
0 0.7508131917317707 0.14593693415323894 0.08983673095703125 0.15079996744791666
0 0.9350740559895834 0.39613950093587236 0.12337931315104167 0.3891655985514323
0 0.6536138661702473 0.42464654286702475 0.14843002319335938 0.41978111267089846
0 0.5290961456298828 0.16469448725382488 0.06277511596679687 0.12408941904703776
0 0.2998077646891276 0.12820805231730142 0.10707300821940104 0.1677988560994466
0 0.03557084321975708 0.14169299443562827 0.06680781046549479 0.15303948720296223
0 0.29392356872558595 0.24957473119099935 0.09766362508138021 0.37229891459147135
0 0.08539587100346882 0.6177738698323567 0.16370358784993488 0.6461900838216146
0 0.6749799346923828 0.222609437306722 0.09229029337565105 0.09280582427978516
0 0.06248666127522787 0.12246919631958009 0.07025028228759765 0.14129998524983725
0 0.13488765398661295 0.14389699935913086 0.06328341801961263 0.14120773315429688
0 0.7907190958658854 0.22455611546834311 0.10897043863932292 0.1077364730834961
0 0.09772493362426758 0.2978417205810547 0.1451788330078125 0.1491595458984375
0 0.22196001052856446 0.12262703577677408 0.06768800099690755 0.1308510971069336
0 0.2431482442220052 0.2523197555541992 0.1036206563313802 0.3399699401855469
