0 0.6787170664469401 0.5216715876261393 0.1307238260904948 0.3799905649820964
0 0.9180048370361329 0.6705069224039714 0.17320256551106772 0.6352314249674479
0 0.3396983083089193 0.45509709676106774 0.05066401163736979 0.21170003255208333
0 0.27776241302490234 0.4284599812825521 0.062281468709309895 0.22818013509114585
0 0.1290213982264201 0.7366029103597005 0.2820622762044271 0.5360932922363282
0 0.5528781382242839 0.5215407562255859 0.09222793579101562 0.32397862752278644
0 0.807416280110677 0.4882974370320638 0.11130716959635417 0.24270403544108074
0 0.21139107386271158 0.442432861328125 0.043099047342936195 0.19858988444010417
0 0.517646001180013 0.5147125752766927 0.08634292602539062 0.2940312703450521
0 0.09857752799987793 0.4703709665934245 0.07014515558878581 0.24306432088216146
0 0.3918988291422526 0.45751893361409507 0.04157847086588542 0.2190832265218099
0 0.41133714040120445 0.4608172098795573 0.05900184631347656 0.2207829793294271
0 0.0383577036857605 0.45267971038818355 0.06483122507731119 0.19855384826660155
0 0.463943837483724 0.44498011271158855 0.06611033121744792 0.2010015869140625
0 0.8899660237630209 0.47485552469889325 0.15462870279947916 0.24691279093424479
0 0.4420330047607422 0.46325149536132815 0.06838780721028646 0.2371446736653646
