0 0.5228545761108399 0.8330837249755859 0.28678037007649737 0.31139623006184897
0 0.16036665320396423 0.698251978556315 0.31434112548828125 0.6159760538736979
0 0.7948175557454427 0.49742837270100915 0.12747853597005207 0.31518699645996096
0 0.43276927947998045 0.59453249613444 0.13587196350097655 0.449991455078125
0 0.6864774831136068 0.5689168548583984 0.12461491902669271 0.45672785441080727
0 0.2812796910603841 0.535824343363444 0.12668179829915366 0.4222838083902995
0 0.5867195638020833 0.5294362640380859 0.175843505859375 0.5326568094889322
0 0.17484877268473306 0.5021925354003907 0.12100415547688802 0.28993143717447917
0 0.8110578155517578 0.7905808003743489 0.39177251180013023 0.3852501424153646
0 0.48846908569335934 0.37616616566975913 0.07817392985026042 0.1294402313232422
0 0.38807177225748696 0.40275199890136715 0.07895421346028646 0.1567920430501302
0 0.09271887779235839 0.49507259368896483 0.15836940765380858 0.250609614054362
