0 0.23659927368164063 0.5949896621704102 0.15173543294270833 0.38487887064615883
0 0.6441795857747397 0.5988536580403645 0.11646189371744792 0.39180755615234375
0 0.4065011469523112 0.5821406173706055 0.1277574920654297 0.3756969960530599
0 0.3509330749511719 0.5819256337483725 0.12624460856119793 0.3667625427246094
0 0.03729132493336995 0.5278528340657552 0.06650739034016927 0.2485912068684896
0 0.2928544362386068 0.5929087193806966 0.13789006551106772 0.3778882090250651
0 0.5642845662434895 0.5886556498209635 0.10226216634114584 0.37525726318359376
0 0.5114943440755209 0.5860575485229492 0.10880137125651042 0.36535204569498697
0 0.5781582641601561 0.48297739664713546 0.07391306559244791 0.13450541178385417
0 0.034657623370488486 0.6320679728190104 0.07802621205647786 0.3668310546875
