0 0.07845102588335673 0.43120365142822265 0.14583011627197265 0.30347750345865887
0 0.47133532206217443 0.5028516133626302 0.3024702453613281 0.5881353759765625
0 0.7549222056070963 0.5993078867594401 0.14944910685221355 0.2659889221191406
0 0.726692860921224 0.36105536142985023 0.11438262939453125 0.21658556620279948
0 0.8598992665608725 0.33534893035888674 0.06289840698242187 0.13641451517740885
0 0.24609771092732746 0.34244293212890625 0.07510926564534505 0.16103368123372397
0 0.8127902221679687 0.3357377624511719 0.051178690592447916 0.12444590250651041
0 0.5912939961751302 0.3741889444986979 0.12033518473307292 0.21826314290364585
0 0.7887323506673177 0.33206188201904296 0.048185017903645835 0.12531201680501303
0 0.1373701032002767 0.3556841532389323 0.13531534830729167 0.19581197102864584
0 0.7595272064208984 0.34341100056966145 0.057017669677734376 0.15676422119140626
0 0.6494685872395833 0.33048942565917966 0.069315185546875 0.11414438883463542
0 0.2030021095275879 0.33814033508300784 0.05554159800211589 0.16558624267578126
