0 0.7967663065592449 0.5993197377522786 0.4053947957356771 0.8263291931152343
0 0.4017388280232747 0.46053408304850263 0.18237480163574218 0.37920496622721356
0 0.10683971345424652 0.6030860265096029 0.21805229187011718 0.8183732604980469
0 0.28704461415608723 0.44026215871175134 0.12318494160970052 0.3176313018798828
0 0.5532580057779948 0.5390614446004232 0.11517008463541667 0.4023580678304036
0 0.6897888946533203 0.6168291219075521 0.27007542928059897 0.6820819091796875
0 0.16078723271687825 0.33301350911458333 0.13316699981689453 0.1446899922688802
0 0.2780812199910482 0.5551854197184245 0.07776059468587239 0.1705401102701823
0 0.6052295430501302 0.5852230072021485 0.1926115926106771 0.6348491923014323
0 0.43471945444742843 0.36155277252197265 0.13276018778483073 0.19342928568522136
