0 0.35573916117350257 0.805960210164388 0.2511138407389323 0.36546849568684897
0 0.9330452982584635 0.4075111770629883 0.10631785074869791 0.3628404998779297
0 0.723962910970052 0.44767036437988283 0.13536478678385416 0.441636962890625
0 0.11627044041951495 0.6718559519449869 0.3012696838378906 0.6529131062825521
0 0.8267264302571614 0.3826034418741862 0.10573883056640625 0.42168052673339845
0 0.17079315821329755 0.28458740234375 0.1496960957845052 0.35645517985026043
0 0.5585189565022787 0.48358050028483074 0.18915166219075522 0.5014034016927084
0 0.35424811045328775 0.4147655487060547 0.19132189432779947 0.4971355183919271
0 0.1887945493062337 0.06448025067647298 0.09000326792399088 0.12046690622965495
0 0.356118532816569 0.0926846981048584 0.09983472188313802 0.14344340006510417
0 0.09928490956624349 0.1288468360900879 0.07396804809570312 0.16463879903157552
0 0.5286419932047526 0.10970975875854491 0.1452697245279948 0.1601480484008789
0 0.2792908986409505 0.08930608908335368 0.08628575642903646 0.14167306264241536
0 0.6936841583251954 0.13911215464274088 0.10955337524414062 0.1678699493408203
0 0.41510534922281905 0.18683855056762694 0.12342007954915364 0.14328166961669922
0 0.6059540303548177 0.4211020914713542 0.12388814290364583 0.4131402587890625
0 0.8352593994140625 0.7322216542561849 0.3431144205729167 0.5277858988444011
0 0.437188351949056 0.11353308995564779 0.08125999450683594 0.1106188710530599
0 0.2955564880371094 0.3636888885498047 0.12905746459960937 0.4304722595214844
0 0.28003150939941407 0.24086854934692384 0.11928354899088542 0.17626969655354818
0 0.42172037760416664 0.1501437441507975 0.09464192708333333 0.09834425608317057
0 0.49293312072753903 0.45928014119466143 0.1839417012532552 0.5545670572916667
0 0.6027716573079427 0.3233910242716471 0.13487803141276042 0.18679089864095053
0 0.24442891438802083 0.3505551783243815 0.12949808756510417 0.38700609842936196
0 0.6069073740641276 0.14329903602600097 0.07823348999023437 0.10018575668334961
0 0.7716080474853515 0.42110827128092443 0.11577295939127605 0.44079579671223956
0 0.9251697794596354 0.14554140090942383 0.078291015625 0.14550832112630208
