0 0.26741586049397786 0.5873352432250977 0.3095337931315104 0.8575951131184896
0 0.5117544937133789 0.4242630894978841 0.2058813730875651 0.6164273579915365
0 0.7008847045898438 0.39375148773193364 0.15613881429036458 0.6287451680501303
0 0.13867563406626385 0.5802394104003906 0.2563907877604167 0.7995716349283855
0 0.1706338373819987 0.20740115483601887 0.07971188863118489 0.13732649485270182
0 0.06448522011439005 0.25158077239990234 0.12769311269124348 0.250946044921875
0 0.43049783070882164 0.38780733744303386 0.11323966979980468 0.4973322041829427
0 0.35563475290934243 0.24401973088582357 0.09045661926269531 0.12777413686116537
0 0.08433136224746704 0.3265121078491211 0.1446710205078125 0.2709721883138021
0 0.9516356404622396 0.14327561696370444 0.08393778483072917 0.12005045572916667
