0 0.728985850016276 0.4861597696940104 0.10245951334635417 0.41342397054036456
0 0.8357218424479167 0.7509435780843099 0.32762288411458335 0.5053798929850261
0 0.3387639236450195 0.5609060923258463 0.11538378397623698 0.4185875956217448
0 0.18137959162394207 0.5040969467163086 0.25618616739908856 0.6273561604817708
0 0.43257638295491535 0.4739730962117513 0.07205721537272135 0.20611549377441407
0 0.9492173258463542 0.39977547963460286 0.1021502685546875 0.3097778574625651
0 0.6064491271972656 0.4327969233194987 0.06713185628255208 0.243034184773763
0 0.5263096110026041 0.45683191935221357 0.07610270182291666 0.22439381917317708
0 0.8975439453124999 0.3947237650553385 0.0666729736328125 0.154327392578125
0 0.4919173685709635 0.4508221689860026 0.05489339192708333 0.21350967407226562
0 0.6680233510335286 0.3645820871988932 0.047151133219401044 0.12565699259440105
0 0.8679535675048828 0.3835188929239909 0.06664881388346354 0.15784624735514322
0 0.8319999186197916 0.41304977416992184 0.1206781005859375 0.26008575439453124
0 0.470953852335612 0.4585154088338216 0.04876154581705729 0.202906010945638
