0 0.5182510121663412 0.5421614329020182 0.36281214396158856 0.5681742350260417
0 0.927142842610677 0.564353535970052 0.14367635091145833 0.557891133626302
0 0.10037277380625406 0.598650156656901 0.18701114654541015 0.7070791625976562
0 0.34439715067545573 0.40959546407063807 0.1421612548828125 0.25506739298502606
0 0.9151799011230469 0.3288767115275065 0.08813385009765624 0.11722511291503906
0 0.8403854624430339 0.45371883392333984 0.09579015096028645 0.32201311747233075
0 0.8815272521972656 0.47075658162434897 0.10653025309244792 0.3698606363932292
0 0.8592334747314453 0.38328960418701175 0.12544723510742187 0.17044705708821614
0 0.6588847096761068 0.40835267384847007 0.11225987752278646 0.31509844462076825
0 0.35122263590494796 0.31331742604573565 0.10341445922851562 0.09895617167154948
0 0.38877142588297525 0.4437921524047852 0.13689898173014323 0.3448710378011068
0 0.6296577453613281 0.3259992853800456 0.09872934977213542 0.11322725931803386
