0 0.45359341939290365 0.5244532267252604 0.11475641886393229 0.45911916097005206
0 0.8569276936848959 0.5119126764933268 0.1559588623046875 0.36019065856933596
0 0.6485905710856119 0.5375168609619141 0.1975787862141927 0.4842846171061198
0 0.10368028322855632 0.38280648549397783 0.04269886652628581 0.1704833221435547
0 0.34872952779134114 0.5339478302001953 0.13933568318684897 0.44708150227864585
0 0.17387996673583986 0.40113905588785803 0.10038942972819011 0.24245465596516927
0 0.04757809003194173 0.3964184061686198 0.055975964864095056 0.18835164388020834
0 0.24288615544637043 0.3853059387207031 0.10164112091064453 0.18047231038411457
0 0.7300630187988281 0.500827382405599 0.10731170654296875 0.43760884602864586
0 0.7758326721191405 0.49031354268391925 0.11296152750651042 0.37527776082356773
0 0.44115219116210935 0.35550577799479166 0.08650583902994792 0.14432729085286458
0 0.8598682912190756 0.3627355702718099 0.07026341756184896 0.13127629597981771
