0 0.8990434773763021 0.7147540283203124 0.1964447021484375 0.5644093831380208
0 0.18213415145874023 0.611652094523112 0.093156369527181 0.5970544942220052
0 0.5595679219563802 0.6146252950032552 0.10557423909505208 0.49229888916015624
0 0.8132883453369141 0.4316143290201823 0.04179692586263021 0.17199879964192707
0 0.2887917455037435 0.6241825612386067 0.09838335673014323 0.5659295145670573
0 0.7440803527832031 0.4690888086954753 0.04143605550130208 0.2403619130452474
0 0.4623693720499674 0.5865443674723307 0.08452293395996094 0.4679872639973958
0 0.867840067545573 0.4459189605712891 0.03685872395833333 0.19023371378580728
0 0.35370394388834636 0.6197131856282552 0.09257807413736979 0.542545674641927
0 0.49826883951822915 0.6097346750895182 0.0946697998046875 0.48571695963541667
0 0.6997008514404297 0.4323802947998047 0.03680516560872396 0.17684727986653645
0 0.3881622568766276 0.5903105926513672 0.08376581827799479 0.48677052815755206
0 0.842526601155599 0.43670534769694014 0.033741963704427086 0.21090459187825522
0 0.7535979715983073 0.5218465932210287 0.0746392822265625 0.3379632059733073
0 0.6034126281738281 0.41566836039225263 0.03958750406901042 0.13898167928059896
0 0.6653579457600911 0.5432085927327475 0.08137680053710937 0.3593378194173177
0 0.7930042266845703 0.42871651967366536 0.031128387451171875 0.1647156016031901
0 0.8887432352701823 0.45971234639485675 0.04753814697265625 0.1674139912923177
0 0.07084298292795817 0.6002871449788412 0.09296302795410157 0.5629390970865885
0 0.6550898742675781 0.44209336598714194 0.033085225423177086 0.12926460266113282
