0 0.7987057749430339 0.5868932851155599 0.2127068583170573 0.501171875
0 0.4679348754882813 0.49923553466796877 0.09744944254557292 0.3409039306640625
0 0.5506258900960287 0.5032608032226562 0.1118945821126302 0.3748883056640625
0 0.2606934674580892 0.47648003896077473 0.11803429921468099 0.37688621520996096
0 0.6637974548339843 0.4482222239176432 0.0995941162109375 0.2820514424641927
0 0.3348707580566406 0.3601153055826823 0.05191619873046875 0.1421502685546875
0 0.17790622711181642 0.45667888641357424 0.09155225118001302 0.33546343485514324
0 0.382288818359375 0.33880528767903645 0.04897003173828125 0.12795694986979167
0 0.5656248728434246 0.41166784922281896 0.12204635620117188 0.21173805236816406
0 0.3599292627970378 0.3582432301839193 0.0557244618733724 0.13992039998372396
