0 0.4352182896931966 0.6238929239908855 0.2168133799235026 0.25556538899739584
0 0.6817340850830078 0.6263878377278645 0.14026148478190104 0.24863616943359376
0 0.9241890970865886 0.55418701171875 0.06999420166015625 0.13739522298177084
0 0.9779194641113281 0.5739921061197917 0.05557078043619792 0.15389475504557293
0 0.7324987030029297 0.5844599151611328 0.1261516825358073 0.19014002482096354
0 0.541760991414388 0.593157704671224 0.0763232930501302 0.15528656005859376
0 0.6275431569417318 0.5914374542236328 0.07065943400065104 0.13484695434570312
0 0.5557915496826172 0.6193258158365886 0.1368950907389323 0.21115936279296876
0 0.5005844370524088 0.5954580434163412 0.12772323608398437 0.19324986775716146
0 0.5698825073242187 0.5966577657063802 0.07485219319661458 0.14227294921875
