0 0.628473409016927 0.5012005360921223 0.23005259195963543 0.5250606791178385
0 0.34767926534016924 0.5319309107462565 0.26401270548502603 0.7334349568684896
0 0.8888728586832683 0.34802332560221355 0.10908777872721354 0.24858367919921875
0 0.12409253557523092 0.504646733601888 0.2452453104654948 0.9167849731445312
0 0.4770619201660156 0.3012649408976237 0.10194234212239583 0.14039705912272135
0 0.608197275797526 0.8720973459879557 0.3499784342447917 0.25606043497721354
0 0.934447021484375 0.6087655893961588 0.13531819661458333 0.2521715799967448
0 0.21752927780151368 0.3778555043538412 0.10214598337809244 0.3120885721842448
0 0.6082925160725912 0.30974042256673173 0.1594575500488281 0.16597366333007812
0 0.9687730407714844 0.3365311431884766 0.06479563395182292 0.13948893229166667
