0 0.2979691696166992 0.4966672134399414 0.11323275248209635 0.3468652598063151
0 0.9360505676269532 0.5611097462972006 0.10424794514973958 0.3472045389811198
0 0.38554012298583984 0.5288181813557943 0.13287401835123697 0.38247594197591145
0 0.19030720392862957 0.4534380594889323 0.09593298594156902 0.2418519083658854
0 0.10655936161677043 0.6860467529296875 0.19867677052815755 0.63981201171875
0 0.4962854258219401 0.5647725550333659 0.11519709269205729 0.3926056671142578
0 0.7163098653157552 0.5463916524251302 0.13421071370442708 0.40197601318359377
0 0.5656788889567057 0.5663853963216146 0.10023523966471354 0.379456787109375
0 0.6711486562093099 0.5305991872151692 0.11206934611002604 0.41110763549804685
0 0.2611499913533529 0.4211028798421224 0.06289827982584635 0.17464767456054686
0 0.30443927764892575 0.42310799916585284 0.09152997334798177 0.1653198496500651
0 0.5687530008951822 0.6870396677652996 0.07950327555338542 0.16873265584309896
0 0.0744367527961731 0.40197349548339845 0.1422796376546224 0.17827316284179687
0 0.6096999613444011 0.5576653416951497 0.09777842203776042 0.37777865091959634
0 0.7725430043538412 0.45825435638427736 0.10094487508138021 0.31215593973795575
0 0.13432921727498373 0.4634917577107748 0.13581334431966147 0.2504664357503255
0 0.38135904947916666 0.4262154388427734 0.127060546875 0.19565292358398437
0 0.5743852996826171 0.3841984049479167 0.08029281616210937 0.17654632568359374
