0 0.4965862782796224 0.535547358194987 0.10214340209960937 0.4885699462890625
0 0.07188483874003092 0.5259063212076823 0.09186196645100911 0.4357361857096354
0 0.39588562011718753 0.5314632670084636 0.09166961669921875 0.472076416015625
0 0.8863141377766928 0.5383572642008464 0.10870391845703126 0.5543825785319011
0 0.14036183357238768 0.5206451924641927 0.08972318649291992 0.4385029093424479
0 0.2838158671061198 0.5180225880940755 0.09413848876953125 0.4653245035807292
0 0.6114827473958333 0.5378245035807292 0.10400390625 0.4988438924153646
0 0.6921522013346354 0.5431822967529296 0.1484320068359375 0.5736318969726563
0 0.45726778666178386 0.5352555338541667 0.11040420532226562 0.5354108683268229
0 0.17312845230102542 0.516919428507487 0.08916281382242838 0.45945632934570313
0 0.3574463399251302 0.5205402374267578 0.08811294555664062 0.4640338643391927
