0 0.6858926900227864 0.4930848821004232 0.15575612386067708 0.5673442586263021
0 0.23680495580037433 0.45310228983561196 0.10739549001057942 0.4077775573730469
0 0.3446323903401693 0.5132400258382162 0.12724899291992187 0.47992441813151043
0 0.5662594604492187 0.5235653432210287 0.13191019694010417 0.4872807312011719
0 0.4707221857706706 0.5453628285725911 0.18275993347167968 0.4927549235026042
0 0.18772977828979492 0.39984780629475913 0.09526360829671224 0.3537038421630859
0 0.1751563835144043 0.4666924921671549 0.0665042495727539 0.13020490010579427
0 0.14579445203145344 0.38030523935953775 0.08709052403767904 0.3117361195882161
0 0.2964047559102376 0.5469321695963543 0.1692378616333008 0.5646299235026042
0 0.31155666351318356 0.7085532633463542 0.2430975341796875 0.2870100911458333
0 0.14744813919067384 0.3148623530069987 0.06002847035725911 0.22011250813802083
0 0.03439762433369954 0.3276487477620443 0.04830345789591471 0.22151941935221353
0 0.07285775820414225 0.36578319549560545 0.08404494603474935 0.31081654866536457
