0 0.33553387959798175 0.6144681040445963 0.21611841837565104 0.6984377034505208
0 0.8200818379720052 0.4453700002034505 0.09051300048828125 0.4174713643391927
0 0.6252342478434244 0.530384292602539 0.1787786356608073 0.5666013590494792
0 0.9089350891113281 0.39095893859863284 0.07975351969401041 0.2992262268066406
0 0.074085480372111 0.3322720209757487 0.04397708257039388 0.1469397735595703
0 0.7726542154947916 0.46895339965820315 0.07976318359375 0.4427527872721354
0 0.7518565622965495 0.39247647603352864 0.057756296793619794 0.261736806233724
0 0.5132935078938802 0.3636575698852539 0.05678822835286458 0.18965548197428386
0 0.7420626322428385 0.4823964691162109 0.08404347737630208 0.462406005859375
0 0.3359604771931966 0.37860318501790363 0.12863258361816407 0.19142918904622397
0 0.46049863179524736 0.3608716583251953 0.09097874959309896 0.2708531188964844
0 0.9109120178222656 0.45418299357096353 0.05897633870442708 0.1844219970703125
