0 0.3602316919962565 0.46115765889485677 0.11151247660319011 0.34644577026367185
0 0.18137138366699218 0.6181054941813151 0.1428600565592448 0.6096592203776041
0 0.4635290273030599 0.39811063130696617 0.05889938354492188 0.13416519165039062
0 0.5571361033121744 0.3728040059407552 0.015913238525390627 0.07104039510091145
0 0.5317504882812499 0.3753327433268229 0.012365824381510416 0.06372624715169271
0 0.24309150060017903 0.5669015248616536 0.10078380584716796 0.5003219604492187
0 0.500009511311849 0.3771948496500651 0.026006266276041665 0.08405766805013021
0 0.49188901265462237 0.3893497085571289 0.03424596150716146 0.11251050313313803
0 0.3050680160522461 0.39109775543212894 0.05943346659342448 0.1320825449625651
0 0.5361496225992838 0.37640775044759117 0.010973561604817708 0.043862101236979166
