0 0.6599035135904947 0.5229353332519531 0.04923858642578125 0.25147318522135415
0 0.5759171295166016 0.5413311258951823 0.07001022338867187 0.2051482137044271
0 0.3870549519856771 0.5313207499186198 0.05234013875325521 0.23330973307291666
0 0.7119229380289713 0.5244317626953126 0.046129099527994794 0.25531992594401043
0 0.32843521118164065 0.5279931513468424 0.06491709391276042 0.22421338399251303
0 0.4458406829833984 0.5292433420817058 0.06485743204752605 0.21085250854492188
0 0.5176479848225911 0.5258819071451823 0.058739878336588544 0.19157440185546876
0 0.6280321502685546 0.5097994232177735 0.04161666870117187 0.2003002421061198
0 0.7698990631103516 0.5291936747233073 0.05830907185872396 0.25526702880859375
0 0.600886713663737 0.5111897404988607 0.04822840372721354 0.19021644592285156
0 0.49571937561035156 0.5300074513753255 0.054762318929036456 0.18727818806966146
0 0.037116583983103434 0.5498644256591797 0.06430508295694987 0.20411921183268228
0 0.551843999226888 0.5370432281494141 0.05566950480143229 0.19283432006835938
0 0.41243521372477215 0.518676160176595 0.05329444885253906 0.22665117899576823
0 0.676637954711914 0.5175833002726238 0.04984115600585937 0.22114596048990887
