0 0.6026045227050781 0.48551700592041014 0.176707763671875 0.5769221496582031
0 0.7968204498291015 0.23775065104166665 0.02507603963216146 0.07953882853190104
0 0.25914011637369794 0.18578770955403645 0.05232599894205729 0.16624445597330728
0 0.06948398113250732 0.2646850268046061 0.03529917081197103 0.11220078786214192
0 0.04370543797810872 0.2572227350870768 0.03162930806477864 0.10228233337402344
0 0.3257228978474935 0.26151313781738283 0.042956517537434895 0.12887044270833334
0 0.38845856984456384 0.2378088696797689 0.03342419942220052 0.0906509272257487
0 0.14338652928670248 0.2412909698486328 0.01599285125732422 0.05865748087565104
0 0.8148790740966796 0.2237561861673991 0.015448455810546874 0.06590473175048828
0 0.6312716674804688 0.2857060432434082 0.07219207763671875 0.16655569712320964
0 0.0967022959391276 0.23850360870361328 0.02025212605794271 0.07228828430175781
0 0.13756981531778972 0.2375432523091634 0.016659202575683593 0.05108893076578776
