0 0.5665155537923177 0.5675862375895182 0.113525390625 0.42132410685221355
0 0.12375534693400064 0.5464753595987956 0.08632424672444662 0.3746788787841797
0 0.4536904525756836 0.5716668955485026 0.08193163553873697 0.4227618916829427
0 0.09083167711893718 0.5484217325846354 0.0838745943705241 0.3592668660481771
0 0.3278471755981445 0.4890846888224284 0.059704004923502606 0.22916501363118488
0 0.8132358042399088 0.4404209899902344 0.05402277628580729 0.18441619873046874
0 0.3896439107259115 0.48119327545166013 0.05383860270182292 0.21796216328938803
0 0.8665000915527343 0.4893988800048828 0.06418121337890625 0.20145838419596354
0 0.22663722356160482 0.4925002670288086 0.06365253448486329 0.2242320505777995
0 0.9484209696451823 0.521924565633138 0.08277252197265625 0.31429458618164063
0 0.7528943379720052 0.42995978037516275 0.051290181477864585 0.12465726216634114
0 0.14564044952392577 0.4580937957763672 0.06267473856608073 0.20771265665690103
