0 0.733191146850586 0.5349646250406901 0.13002405802408853 0.44935297648111977
0 0.5971332295735677 0.4030605443318685 0.08575358072916667 0.3178808848063151
0 0.1985193634033203 0.3305626551310221 0.05852996826171875 0.16498207092285155
0 0.3659226735432943 0.5049057261149089 0.13432164510091146 0.5391777547200521
0 0.876679662068685 0.37257984161376956 0.0815570576985677 0.2965057627360026
0 0.4677773666381836 0.4139517466227214 0.08641639709472657 0.3494916280110677
0 0.5261128997802734 0.32009991963704426 0.05739283243815104 0.16149576822916667
0 0.09719292004903157 0.3157981999715169 0.04938102086385091 0.1831316375732422
0 0.7781415557861329 0.3508654276529948 0.06339584350585938 0.22647145589192708
0 0.1224608357747396 0.3247358194986979 0.03924934387207031 0.16145919799804687
0 0.46128815968831377 0.33614259084065756 0.07291145324707031 0.18116045633951822
0 0.8362223561604818 0.3938581720987956 0.09055068969726562 0.3155248260498047
0 0.22108670552571616 0.3298684692382812 0.04655756632486979 0.15375345865885418
0 0.1506999142964681 0.329437255859375 0.0287588628133138 0.12887888590494792
