0 0.5032790883382161 0.5284888458251953 0.1297240702311198 0.4042023213704427
0 0.1782537587483724 0.4992208989461263 0.08270177205403646 0.29527371724446616
0 0.8756517791748046 0.38638261159261067 0.06612421671549479 0.17461341857910156
0 0.27900892893473306 0.4357563273111979 0.03965217590332031 0.16449849446614584
0 0.2572811762491862 0.42730106353759767 0.033780695597330726 0.15768872578938803
0 0.3311351776123047 0.441251958211263 0.04194981892903646 0.15544509887695312
0 0.3094218444824219 0.4320878728230794 0.041316680908203125 0.17377703348795573
0 0.12143179893493652 0.4575664265950521 0.045408013661702475 0.2369476318359375
0 0.8823389180501302 0.4724047215779622 0.08970570882161458 0.3701646169026693
0 0.7786133829752604 0.4620704142252604 0.09261240641276042 0.36308390299479165
0 0.06853105862935385 0.47679264068603516 0.06328870137532552 0.24591585795084636
0 0.1978248151143392 0.46280043284098304 0.06087451934814453 0.21460614522298177
0 0.23471904754638673 0.4257756169637045 0.03046312967936198 0.13364733378092447
0 0.7839059702555338 0.41030948638916015 0.0684630839029948 0.19067609151204426
