0 0.6197388966878256 0.491811663309733 0.10907567342122396 0.3831409962972005
0 0.3504328155517578 0.4462798055013021 0.1289007568359375 0.44793863932291667
0 0.5102482350667318 0.5026173528035482 0.15072240193684897 0.4056664784749349
0 0.14825463612874348 0.3243152745564779 0.06652885437011719 0.1892961883544922
0 0.46932375590006514 0.44441766103108726 0.13507156372070311 0.4217267100016276
0 0.8988553365071614 0.2829713503519694 0.07892913818359375 0.19618722279866538
0 0.48671325683593747 0.3370446268717448 0.13463836669921875 0.2202641805013021
0 0.4082044092814128 0.2676793988545736 0.061727981567382816 0.13806400299072266
0 0.31318052927652995 0.2649393081665039 0.03387153625488281 0.10277127583821614
0 0.3330392837524414 0.2652290407816569 0.053697179158528646 0.12672926584879557
0 0.09865862846374512 0.30941956837972007 0.042164783477783206 0.11711519877115885
0 0.2497974904378255 0.2962059148152669 0.04793487548828125 0.10006868998209635
