0 0.7872599283854167 0.5368878173828125 0.089244384765625 0.30342793782552085
0 0.6581960296630859 0.5161451085408528 0.0628936258951823 0.21427808125813802
0 0.35340497334798177 0.5590917460123699 0.08033538818359375 0.28397216796875
0 0.5728058115641276 0.4732053629557291 0.049169667561848956 0.14598887125651042
0 0.30378339131673177 0.5422694396972656 0.05649663289388021 0.23589263916015624
0 0.6033619181315104 0.4727810287475586 0.04721425374348958 0.1455358632405599
0 0.4861821746826172 0.5237902704874674 0.06149775187174479 0.19861493428548177
0 0.24615180333455403 0.5476017506917318 0.06572973887125651 0.2381676737467448
0 0.42433013916015627 0.5144739405314128 0.05430653889973958 0.22093055725097657
0 0.14714173634847005 0.4629856745402018 0.06446891784667969 0.12205518086751302
0 0.3836730321248372 0.5472817611694336 0.07998573303222656 0.2709385935465495
