0 0.45978675842285155 0.5660778299967448 0.04786127726236979 0.16105926513671875
0 0.36571070353190105 0.5653167978922526 0.039826151529947916 0.1636078389485677
0 0.4164558537801107 0.5658377583821614 0.04644274393717448 0.17814229329427084
0 0.2978340021769206 0.587857920328776 0.05078564961751302 0.19552469889322915
0 0.9631778462727865 0.5555120849609375 0.05779917399088542 0.1376397705078125
0 0.7271317291259765 0.5636996714274088 0.04807612101236979 0.15807083129882812
0 0.5176084645589193 0.5879478454589844 0.06733240763346354 0.22926493326822917
0 0.6016331227620443 0.558851064046224 0.06360885620117188 0.16706003824869792
0 0.8354411315917968 0.5660854085286459 0.05369842529296875 0.15044199625651042
0 0.3881284586588542 0.5638896942138671 0.04426910400390625 0.1729638163248698
0 0.7827194468180338 0.556511713663737 0.044813893636067706 0.15690780639648438
0 0.3357422637939453 0.5686518096923828 0.03803675333658854 0.16688084920247395
0 0.22794156392415363 0.5883691660563151 0.06217569986979166 0.20318984985351562
0 0.19981608072916665 0.5884208933512369 0.05378712972005208 0.2304414367675781
0 0.6212018330891927 0.5488165028889974 0.047515157063802084 0.16666041056315103
0 0.4987045033772787 0.5755949147542317 0.051176503499348956 0.19149876912434896
0 0.2476528549194336 0.5882663726806641 0.04462867736816406 0.19115066528320312
