0 0.6022963460286458 0.46960365295410156 0.15955362955729166 0.6861424255371094
0 0.3718991216023763 0.5119057210286458 0.14721646626790363 0.5876756795247395
0 0.7966790262858072 0.32887444814046224 0.046814676920572916 0.17538536071777344
0 0.1564069366455078 0.31474077224731445 0.04800071716308594 0.20800914764404296
0 0.28244517008463543 0.3336528015136719 0.048264261881510416 0.200035400390625
0 0.7329835764567058 0.32702552795410156 0.05604944864908854 0.18013203938802083
0 0.2234503491719564 0.3314297358194987 0.052959327697753904 0.22945640563964845
0 0.7073424021402994 0.33090447743733725 0.062473907470703124 0.22660504659016928
0 0.25720333099365233 0.3319634246826172 0.03583875020345052 0.19252782185872397
0 0.20562149047851563 0.3308388646443685 0.04906133015950521 0.2090211232503255
0 0.5410891723632812 0.22435464859008789 0.06314870198567708 0.14106517791748047
0 0.6014420318603515 0.2609843953450521 0.12522384643554688 0.20114232381184896
