0 0.4934449005126953 0.5872232309977213 0.35363794962565104 0.744476318359375
0 0.16391120274861654 0.47030352274576825 0.22348602294921874 0.47380544026692706
0 0.9227394612630209 0.4202275975545247 0.1539666748046875 0.39105756123860674
0 0.02849610249201457 0.43543710072835284 0.0652489980061849 0.16441724141438802
0 0.27410585403442383 0.42878751118977865 0.12207174936930339 0.4117222595214844
0 0.36545145670572915 0.31852017720540365 0.08657236735026042 0.15432322184244793
0 0.9120552062988281 0.321090087890625 0.1307068888346354 0.19823384602864583
0 0.044753458499908444 0.31934808095296224 0.06875263214111328 0.1388158925374349
0 0.16789304097493488 0.18150362650553387 0.06777971903483072 0.11821502685546875
0 0.8305303446451823 0.31968763987223303 0.06272552490234375 0.19196398417154947
0 0.6549147288004558 0.3478316243489583 0.11325037638346354 0.24748301188151042
0 0.770581537882487 0.37853209177652997 0.1093310038248698 0.21403475443522135
