0 0.23778658548990886 0.48178333282470703 0.09495468139648437 0.33042015075683595
0 0.36307645161946617 0.4307386779785156 0.1541210428873698 0.27066375732421877
0 0.6452841949462891 0.5743640899658203 0.16606653849283853 0.6897410583496094
0 0.5133997853597005 0.6455876159667969 0.1319647725423177 0.4848723347981771
0 0.38007869720458987 0.5977954355875652 0.1869994862874349 0.5220840962727865
0 0.13652039845784505 0.4604636891682943 0.07638603210449219 0.28105555216471356
0 0.19204236348470052 0.4682255299886068 0.08018056233723958 0.3008460998535156
0 0.2641586685180664 0.5582895660400391 0.07198743184407552 0.15770899454752604
0 0.2927173614501953 0.46206417083740237 0.1069652811686198 0.3143177032470703
0 0.07072879950205485 0.3972190221150716 0.03979395230611165 0.14765576680501302
