0 0.28082284291585285 0.6153287760416667 0.12496732076009115 0.4186878458658854
0 0.38700884501139327 0.5943499755859375 0.09838068644205729 0.4366157023111979
0 0.5003077952067058 0.6018144607543945 0.10176549275716146 0.41778851826985675
0 0.5657275136311849 0.5780619430541992 0.09629725138346354 0.40293027242024737
0 0.6467922719319661 0.5585761133829752 0.08959030151367188 0.32708218892415364
0 0.7520558420817057 0.49964645385742185 0.0668054707845052 0.20249501546223958
0 0.8666565450032552 0.4858581161499024 0.061098124186197915 0.22500343322753907
0 0.6109725189208984 0.5755284372965495 0.10248743693033854 0.3717827860514323
0 0.5814837392171225 0.4940480677286784 0.06447697957356771 0.20908434549967447
0 0.4617433039347331 0.5849384689331054 0.08738863627115885 0.4253991444905599
0 0.8664653523763021 0.5037822723388672 0.12644938151041665 0.1990832010904948
