0 0.5164763132731119 0.5934854125976563 0.15282313028971353 0.584385986328125
0 0.17473166783650718 0.3976132583618164 0.03488758087158203 0.1076776377360026
0 0.12719369888305665 0.38689838409423827 0.025835914611816405 0.10989331563313802
0 0.1508431625366211 0.3952076466878255 0.029180374145507813 0.11693995157877604
0 0.06530883153279622 0.39012646993001304 0.028051134745279947 0.10924097696940104
0 0.25602582295735676 0.37468132019042966 0.02882390340169271 0.10394983927408855
0 0.012814433574676513 0.4150256856282552 0.03550875981648763 0.17138010660807293
0 0.10362342834472656 0.3835493087768555 0.02051569620768229 0.09558428446451823
0 0.04943849563598633 0.3951781336466471 0.04050605773925781 0.13591957092285156
0 0.2428152592976888 0.37956682840983075 0.016933720906575522 0.07664072672526041
0 0.3933311080932617 0.3631343587239584 0.04397260030110677 0.10738616943359375
