0 0.7391259256998698 0.5744506072998047 0.049892781575520836 0.2000964864095052
0 0.8406850179036458 0.574234619140625 0.0452886962890625 0.23220896402994792
0 0.7948253377278646 0.5846070098876953 0.04619598388671875 0.2279009501139323
0 0.3161155827840169 0.5848411051432292 0.07312207539876302 0.18534423828125
0 0.15109088897705078 0.6385375213623047 0.06566937764485677 0.18998082478841147
0 0.03790366987387339 0.5873813883463541 0.07862919489542643 0.3083317057291667
0 0.5787162272135417 0.5963897705078125 0.0673712158203125 0.21873280843098958
0 0.693938954671224 0.5456654357910156 0.036107177734375 0.13028350830078125
0 0.47196571350097655 0.5927234395345052 0.060721181233723956 0.19945882161458334
0 0.2093177096048991 0.5982943725585937 0.046994463602701826 0.29074635823567707
