0 0.8671295768336247 0.33414489971963984 0.13248483758223684 0.5507930956388775
0 0.15578926864423248 0.3668880337163022 0.16809350565860146 0.526096594961066
0 0.7409696328012567 0.35065117635224996 0.12890369013736122 0.4992904161152087
0 0.5486728517632735 0.573187464161923 0.4553590071828742 0.8066719958656713
0 0.044425217532797864 0.3593751631285015 0.0826217626270495 0.38021569502981084
0 0.5525572425440738 0.1853977692754645 0.10691863612124794 0.2082003166801051
0 0.6730098724365234 0.3642438336422569 0.08788721184981496 0.46688772502698395
0 0.40111642134817027 0.6005378773337916 0.3547864211233039 0.7246930473729184
0 0.620914057681435 0.2347966244346217 0.046508186741879114 0.11445411882902447
0 0.6499079152157432 0.20443279492227653 0.024609716315018505 0.0477144718170166
