0 0.7038607597351074 0.5448473629198576 0.14141258440519633 0.4475787313360917
0 0.3135022866098504 0.5136376054663407 0.11513438977693256 0.37161041560925934
0 0.10438493664658285 0.6694628564934981 0.20867317601254112 0.641327607004266
0 0.386953918557418 0.5225875252171567 0.11778678392109118 0.38785753752055924
0 0.9256718786139237 0.5758924233286005 0.09074713054456209 0.3376024647762901
0 0.6495451425251207 0.5300944729855186 0.0815591812133789 0.3450830861141807
0 0.19913313263341 0.44688947577225535 0.08544733649805973 0.248341209010074
0 0.564730543839304 0.6432451448942486 0.07621022274619654 0.2575552087081106
0 0.4747532794350072 0.6064297274539345 0.17246999238666735 0.33861426303261205
0 0.7761607421071907 0.4074959127526534 0.06520963969983552 0.1878190040588379
0 0.8302661243237948 0.4562468654231021 0.07245881933914988 0.25799984680978877
0 0.9701432679828844 0.5129298285434121 0.055818256578947366 0.3824647351315147
