0 0.16740958941610234 0.29197512174907486 0.03904022668537341 0.15074870460911802
0 0.28975299785011693 0.2991975483141447 0.03739941747565018 0.1527450963070518
0 0.3545704766323692 0.510337327655993 0.2957237645199424 0.5228195190429688
0 0.21039404994563052 0.4334192777934827 0.08040830963536312 0.08886789020739104
0 0.8797288191945929 0.3780800041399504 0.09701417621813323 0.11923973183882863
0 0.621102533842388 0.3735402885236238 0.14815882632606908 0.41284157100476715
0 0.7751896004927786 0.27671977720762553 0.0409167440314042 0.13368063223989388
0 0.9250702105070415 0.27719121230276006 0.03239641691509046 0.11375738445081209
0 0.3288428908900211 0.2058868031752737 0.011032405652497945 0.03500479146053916
0 0.5382297415482371 0.3967026911283794 0.1462498715049342 0.46023795479222346
0 0.2347013322930587 0.19252288968939532 0.011510598032098068 0.03647214487979287
