0 0.8641115238792019 0.38927790993138367 0.07627672898141961 0.19883858530144943
0 0.3680499603873805 0.5319160662199321 0.2110720433686909 0.5132478412828947
0 0.4655085362886128 0.36788153648376465 0.0888762725026984 0.18697896756623922
0 0.6587255126551578 0.38028876405013234 0.051384925842285156 0.22332033358122172
0 0.22773135335821854 0.5072224516617625 0.15360420628597862 0.41605924305162933
0 0.5672331358257092 0.35678241127415705 0.05210756000719572 0.12701004429867394
0 0.05684524460842735 0.3543407791539242 0.048251603779039885 0.03955755735698499
0 0.618105035079153 0.3255694037989566 0.046216262014288655 0.08859453703227796
0 0.22017914997903926 0.40414956996315404 0.1195033349488911 0.2008836394862125
0 0.1420960175363641 0.33808452204654094 0.023315379494114927 0.05414586318166632
