0 0.6050747068304765 0.47954614538895457 0.22238535630075554 0.5266390348735609
0 0.8935530813116777 0.34446072578430176 0.10139907033819902 0.2579111049049779
0 0.6337753597058748 0.8601374375192743 0.3971379932604338 0.25973410355417353
0 0.4604148990229556 0.3615661671287135 0.08448819110268041 0.2798606972945364
0 0.22054259400618703 0.3919240926441393 0.09146030325638621 0.2801942574350457
0 0.5133977689241108 0.30003909060829564 0.05535868594520971 0.12137558585719059
0 0.37431591435482625 0.5238604545593262 0.26424809506064967 0.7581973828767475
0 0.7917533673738179 0.2970904551054302 0.07165748194644325 0.0755895313463713
0 0.9621239712363795 0.2929749614314029 0.04956456234580592 0.08965098230462325
0 0.13111547419899386 0.40189751825834574 0.2576882211785567 0.35215340162578385
0 0.7405535798323782 0.3085622536508661 0.0512861452604595 0.05613347103721217
