0 0.5085248445209705 0.4600169282210501 0.13799326043379934 0.3116969560322009
0 0.3220063636177465 0.42557501792907715 0.09816669162951018 0.2901835943523206
0 0.08837042670500905 0.353995260439421 0.05576712834207635 0.17934370040893555
0 0.129966654275593 0.32310764413130916 0.04114679286354467 0.12104571493048417
0 0.6078544415925679 0.526438035463032 0.15609048542223478 0.4989821785374692
0 0.9611278835095857 0.4871657145650763 0.07524179157457854 0.3823442710073371
0 0.45268219395687703 0.3949618339538574 0.06909109416760896 0.2365004388909591
0 0.6760666244908383 0.36806053864328486 0.06438792379278886 0.1397283955624229
0 0.8039318385877108 0.39699898268047135 0.09247458608526933 0.14823055267333984
0 0.758153338181345 0.37797078333402934 0.04841588672838713 0.16037019930387797
