0 0.4581535113485236 0.5359999129646702 0.09700004678023488 0.3371564714532149
0 0.1948479413986206 0.5570639811064068 0.05739903450012207 0.23294634568063835
0 0.9220008348163806 0.8351387977600098 0.15303892838327507 0.3423195387187757
0 0.36889426331771047 0.522453320653815 0.09842292886031301 0.3417453514902215
0 0.7214602169237638 0.5656503376207853 0.05043556815699527 0.20190038179096423
0 0.3225163660551372 0.8615199641177529 0.2795116524947317 0.27912782367907074
0 0.7924625497115285 0.5545022613123843 0.06566910994680304 0.20359696839985095
0 0.3599470540096885 0.6990698011297928 0.11400694596140008 0.19260983718068977
0 0.7619197494105289 0.8219066168132582 0.20941337786222758 0.36935871525814656
0 0.17214932567194888 0.9337654113769531 0.1690561018492046 0.13802357723838404
0 0.6145158064992804 0.831287936160439 0.20705052425986842 0.3637517627916838
0 0.04702156154732955 0.5067830838655171 0.05947098606511166 0.11182985807719983
