0 0.5079018442254317 0.6096752568295127 0.13811593306692024 0.6743055644788241
0 0.6354638902764572 0.6800022125244141 0.1615622169093082 0.6492656908537212
0 0.25835665903593363 0.6245304408826327 0.14165579645257248 0.6423505481920744
0 0.36946848819130346 0.6051262554369474 0.12678367213199013 0.6847212440089175
0 0.7921770497372277 0.6828579902648926 0.2209808951929996 0.5900787052355314
0 0.07153359212373432 0.5155043351022821 0.021291745336432206 0.09985712954872533
0 0.12632858125787033 0.538504399751362 0.02109309246665553 0.08726531580874794
0 0.8860817457500256 0.340939672369706 0.05103372272692228 0.14003005780671773
0 0.037804793370397466 0.41794582417136744 0.013713933919605455 0.047862078014173005
0 0.9606165634958368 0.3299592168707597 0.04863116615696957 0.1492210689343904
