0 0.19776155446705065 0.6007976030048571 0.18167878452100253 0.5960732510215357
0 0.4296343828502454 0.474661438088668 0.12299921638087223 0.37292658655267014
0 0.8425608183208265 0.5444194517637554 0.3223503514340049 0.8874973497892681
0 0.2748911882701673 0.44388720863743836 0.07876167799297132 0.3050729851973684
0 0.5319154388026187 0.4732305125186318 0.09494766436125103 0.39028609426398025
0 0.7405600045856677 0.452683825241892 0.09844202744333368 0.4071353611193205
0 0.32194721071343674 0.4347220972964638 0.046670888599596526 0.2850426121761924
0 0.6750764344867908 0.48299167030736023 0.09020353618421052 0.40433893705669205
0 0.8218284657126979 0.43449040463096217 0.1107647042525442 0.2108057925575658
0 0.6153654299284282 0.4628481613962274 0.0668207469739412 0.3256948370682566
