0 0.7066041042930202 0.5197036642777292 0.11137972379985608 0.30349600942511307
0 0.41079570117749664 0.5384328741776316 0.17413352665148282 0.38531142786929484
0 0.5366802968476948 0.548382884577701 0.12722953997160258 0.3885372061478464
0 0.0895374103596336 0.5560195571497867 0.11716762341951069 0.34367204967298004
0 0.16780835076382286 0.42020300814979955 0.03624109217995092 0.09680486980237459
0 0.04328125558401409 0.5276378832365337 0.07186830043792725 0.31230906436317846
0 0.1364008250989412 0.4182138066542776 0.024363291890997636 0.08156964653416683
0 0.1907577577390169 0.4206421626241584 0.022235104912205747 0.08370316656012285
0 0.22414290277581467 0.4171654048718904 0.031627303675601355 0.09361648559570312
0 0.280313065177516 0.4186201597514906 0.020457468534770765 0.08700200131064967
