0 0.41686268856650904 0.47294661873265315 0.18063595420435855 0.39647212781404195
0 0.7930686097396047 0.5486430870859247 0.4493248086226614 0.8077051263106497
0 0.2684464831101267 0.556587018464741 0.09940149909571598 0.18860565988641037
0 0.6435898981596294 0.5402049265409771 0.236187734101948 0.5589615671258223
0 0.10560444722834386 0.5764372223301938 0.20965224818179481 0.7781205428274054
0 0.815302899009303 0.3340637683868408 0.06738000167043585 0.07574480458309776
0 0.5507884778474507 0.5345080651735005 0.11725044250488281 0.3985289272509123
0 0.14164276499497264 0.34240115316290604 0.10963020826640882 0.15118608976665296
0 0.8641236957750822 0.32490228351793793 0.038271653024773845 0.05771466305381373
0 0.2578965362749602 0.3268061437104878 0.056367999628970496 0.16903561039974815
