0 0.7130780972932514 0.6065416085092645 0.10432825590434827 0.31241431989167867
0 0.2523404046108848 0.5179225520083779 0.07870044206318103 0.1942500064247533
0 0.42498199563277395 0.6035746524208471 0.10400104522705078 0.31198632089715256
0 0.5130529654653448 0.5742683159677606 0.0827343087447317 0.258443882590846
0 0.9593145972804019 0.5923973259172941 0.07619345815558183 0.36948999605680766
0 0.5954968301873458 0.5757606405960887 0.09096175745913856 0.26444866782740545
0 0.3144649204454924 0.5684321554083573 0.07387773614180715 0.12694168090820312
0 0.3773795052578575 0.6684094479209499 0.056436664179751746 0.19755102458753085
0 0.21395131788755717 0.4842609104357268 0.0334486584914358 0.15968814649079976
0 0.675395689512554 0.5701689971120734 0.06885001533909847 0.29258256209524053
