0 0.6019791050961143 0.5278324829904657 0.1485848677785773 0.3999477185701069
0 0.36514283481397125 0.5773991283617521 0.19707205421046206 0.508525948775442
0 0.2511077805569297 0.5215708205574437 0.11538949765657124 0.35292251486527293
0 0.07441394266329314 0.44208988390470805 0.09100386343504253 0.2702504208213405
0 0.477003674758108 0.48158108560662516 0.07697471819425884 0.3296533885755037
0 0.19770269644887825 0.4486147479007119 0.08837898154007762 0.30950531206632914
0 0.8083178369622481 0.40662421678241933 0.07740171332108348 0.0909512670416581
0 0.9366291447689659 0.5748562812805176 0.12262324282997533 0.5858562871029502
0 0.7414936015480443 0.3954100734309146 0.09358742362574528 0.10533445759823448
0 0.14178586633581863 0.4478499136473003 0.060012378190693105 0.2428891282332571
0 0.6794727726986535 0.38990794984917887 0.08962751689710115 0.1191084761368601
