0 0.1525562374215377 0.5595846929048237 0.1818188366137053 0.500452995300293
0 0.3634689105184455 0.5165874330621016 0.1711749277616802 0.4242491973073859
0 0.6744257023459986 0.5242100765830592 0.0933264180233604 0.37737213937859787
0 0.5865775158530787 0.5240770264675743 0.08372106050190173 0.3562319655167429
0 0.49936435097142273 0.5227375156001041 0.12219760292454769 0.3838380261471397
0 0.2816877114145379 0.5388759311876798 0.12917739466616981 0.36281816582930715
0 0.8591532205280504 0.5189434478157445 0.1251060586226614 0.35658613004182516
0 0.7527942406503777 0.5066573368875604 0.10775219766717208 0.3758233973854466
0 0.9557149786698191 0.5127013357062089 0.08121068854081004 0.36470965335243627
0 0.019740322702809385 0.5643639313547235 0.037315581974230315 0.48329323216488485
