0 0.428105818597894 0.5810512868981612 0.11394337603920385 0.39516034879182516
0 0.37066659174467387 0.7930312156677246 0.3536904485602128 0.45089054107666016
0 0.23465032326547725 0.6042702825445878 0.09484926022981342 0.3975320113332648
0 0.7840975962187114 0.5537708182083932 0.07678297946327611 0.2487364317241468
0 0.8457761061818976 0.682612092871415 0.30008034957082647 0.6950448186774003
0 0.31604530936793274 0.5285339606435675 0.10304526278847143 0.17145573465447678
0 0.8433255898325067 0.5282522879148784 0.0699273661563271 0.27570104598999023
0 0.6042233015361586 0.5694786372937655 0.07110194156044408 0.37063337627210113
0 0.7069033321581388 0.522806820116545 0.03116371757105777 0.18203805622301603
0 0.1302217119618466 0.5620514217175936 0.05068433912176835 0.1657440787867496
0 0.6707745351289448 0.4687027178312603 0.023017431560315584 0.06147304334138569
0 0.9136176862214741 0.5136830430281789 0.042728424072265625 0.1721855464734529
0 0.06594309367631611 0.5775743534690455 0.06877089801587556 0.19892848165411697
0 0.015118653837003206 0.5898520319085372 0.029330190859342877 0.20458572789242394
0 0.5580134642751594 0.55457814116227 0.05723993401778372 0.27398889943173055
