0 0.49290501443963297 0.5319500220449347 0.2823461231432463 0.5101078936928197
0 0.775352252157111 0.40979283734371785 0.11688066783704255 0.3362942996777986
0 0.29965744520488535 0.13143103687386765 0.08964167143169202 0.18286195554231344
0 0.09178979420348217 0.6068365197432668 0.172650324670892 0.703078219765111
0 0.6253176739341335 0.4628304933246813 0.1893461127030222 0.42342547366493627
0 0.9331335770456415 0.4455967702363667 0.12176875064247533 0.45896399648565994
0 0.5273836537411338 0.16097179212068258 0.044543718036852385 0.10568528426320929
0 0.965681979530736 0.16235640174464175 0.04576733237818668 0.0896998455649928
0 0.6763543831674677 0.13771985079112806 0.07860851287841797 0.14401985469617343
0 0.7455475204869321 0.146762164015519 0.07701647909064042 0.15065872041802658
0 0.8762620373776084 0.38498066601000336 0.1891610496922543 0.35705024317691203
