0 0.5723181774741725 0.6227872999090898 0.22538707130833677 0.7509287282040245
0 0.10776382988612902 0.6005551940516421 0.2171992251747533 0.7458561345150596
0 0.8875355971486945 0.3397909716555947 0.08347621716951069 0.1323779256720292
0 0.03360355150346693 0.27953204983159113 0.06567384067334626 0.14445496860303378
0 0.3977362733138235 0.6313087814732601 0.2296034662347091 0.7399688017995734
0 0.6405041845221269 0.34060177050138774 0.10376769617984169 0.1953463303415399
0 0.7872838973999023 0.34382923025833934 0.05909628617136102 0.16068333073666222
0 0.7001699648405376 0.3480045544473748 0.0650455073306435 0.1840730717307643
0 0.958249242682206 0.356099618108649 0.07309281198601973 0.19302601563303093
0 0.8527989638479132 0.3311627538580644 0.05032890721371299 0.11142519900673314
0 0.22537210740541158 0.474428465491847 0.15474215306733785 0.3675924853274697
0 0.3078102061623021 0.40329854111922414 0.16662552482203433 0.40602340196308334
