0 0.461073825233861 0.5268997393156353 0.10837685434441817 0.28575084083958674
0 0.5435597771092465 0.5324208234485828 0.06495857238769531 0.23039182863737406
0 0.6954004639073422 0.31759716335095856 0.05876144609953228 0.16391929827238383
0 0.8783439837004009 0.3317155963496158 0.050378498278166116 0.16613967795121043
0 0.07871789053866739 0.9346963982833059 0.15437198940076327 0.13196664107473274
0 0.8111843058937473 0.3402839459870991 0.038830957914653574 0.11778244219328228
0 0.4751304827238384 0.9173268017015959 0.16667335911800987 0.16401085100675883
0 0.2542857119911595 0.9616925088982833 0.1665858218544408 0.07459339342619244
0 0.846934720089561 0.29856119657817637 0.03613732990465666 0.1820460871646279
0 0.9017979471307052 0.303040579745644 0.03757777966951069 0.15601906023527445
