0 0.21157227691851163 0.6236877190439325 0.1539299488067627 0.4245020213880037
0 0.7452513042249178 0.5114055683738307 0.12756407888312088 0.3990953846981651
0 0.5641405707911441 0.483187010413722 0.07764244079589844 0.39273977279663086
0 0.48863237782528524 0.49734547263697576 0.08087454344096937 0.3506687565853721
0 0.14453592425898504 0.4621857969384444 0.07665753364562988 0.12412445168746145
0 0.12478734905782499 0.733306558508622 0.2567445102490877 0.5626448079159385
0 0.2999827359852038 0.48721250734831156 0.12199559964631733 0.3747270985653526
0 0.44597530364990234 0.5515078494423314 0.14571691814221835 0.3351567920885588
0 0.41253120020816203 0.8442799166629189 0.22615121540270353 0.3167249278018349
0 0.3729016278919421 0.5028443587453741 0.08362777609574168 0.28479576110839844
0 0.7015149216902883 0.7904525054128546 0.45890823163484273 0.38594004982396174
0 0.8759984217191997 0.644907926258288 0.10409069061279297 0.26707664288972555
