0 0.38559576084739283 0.5831113363567152 0.35232940473054586 0.6291403519479852
0 0.62263654407702 0.6385727179677863 0.1936212840833162 0.47770329525596217
0 0.1377332900699816 0.5154206376326711 0.1246998435572574 0.26663223065828023
0 0.9400638781095806 0.6025881265339098 0.10949446025647615 0.778804578279194
0 0.23117418038217646 0.409046260934127 0.14848942505685905 0.27827375813534383
0 0.7091872315657766 0.38572025299072266 0.08745389235647101 0.1981372833251953
0 0.8334664294594212 0.37398234166597066 0.08635621321828742 0.1916109135276393
0 0.9074637764378597 0.3721776761506733 0.08800386127672698 0.19600737722296463
0 0.6252256192659077 0.3526718992935984 0.07919943960089433 0.14776947623804995
0 0.7677268229032818 0.36175519541690226 0.061063013578716074 0.18386504524632505
