0 0.9631519819560804 0.22743888905173854 0.06748008728027344 0.3007240295410156
0 0.5249993675633481 0.15727182595353378 0.09486549778988487 0.3354493191367702
0 0.6140884600187603 0.10719060878220357 0.05463158456902755 0.21010615951136538
0 0.6303224312631707 0.6561486846522281 0.2457851108751799 0.5935693038137335
0 0.5504472632157175 0.8861957600242214 0.20876221907766243 0.22445974851909437
0 0.1935125463887265 0.20052465012199 0.10189265953867059 0.1171681379017077
0 0.22788868452373304 0.8413938221178557 0.22838050440738075 0.30989817569130346
0 0.33750945643374797 0.9239961724532278 0.20042620207134046 0.149977633827611
0 0.06293123019369025 0.6498659786425138 0.12667964634142423 0.6861335352847451
0 0.35517239570617676 0.21210331038424843 0.1081829823945698 0.2434183170920924
0 0.17822739325071635 0.046130663666285966 0.06539225578308105 0.09657491508283113
0 0.3489055131611071 0.0893419855519345 0.07822247555381373 0.16037961056357936
0 0.2831528563248484 0.1999839983488384 0.07411630530106394 0.1681547666850843
