0 0.917024712813528 0.29398409943831594 0.07526598478618421 0.2240628443266216
0 0.3508165761044151 0.45665653128372996 0.11339940522846423 0.46524926235801295
0 0.6206267507452713 0.49750532602009023 0.10954164203844573 0.35951044684962224
0 0.1505864042984812 0.3143554612209922 0.07446389449270148 0.1874790442617316
0 0.4780333920529014 0.43280863761901855 0.1366368845889443 0.42023244657014547
0 0.3164153851960835 0.2631400509884483 0.05247025740774054 0.13196372985839844
0 0.4061386710719058 0.33968648157621684 0.051348636024876645 0.26308230349892064
0 0.11431051555432772 0.30107006273771586 0.04330527155022872 0.1594829559326172
0 0.7120820346631502 0.2532725459650943 0.03032107102243524 0.09834543027375874
0 0.8757625379060444 0.2528628424594277 0.03638920031095806 0.12395881351671721
0 0.431537577980443 0.27094574351059764 0.035245694612201894 0.12438243313839561
