0 0.15669443105396472 0.606343244251452 0.07433209921184339 0.26734467556602076
0 0.3161658111371492 0.5803738644248561 0.06878719831767835 0.20355937355443052
0 0.579225966804906 0.5959190067492033 0.05915496223851254 0.2200618543122944
0 0.20934924326444926 0.605171655353747 0.06478824113544665 0.2776852657920436
0 0.48089506751612615 0.6013877266331723 0.05203422747160259 0.2155444496556332
0 0.7385728986639725 0.5764810160586709 0.05782323134572882 0.1829677381013569
0 0.04306866385434804 0.5841735036749589 0.07047476893977116 0.2861737703022204
0 0.7977798361527293 0.5685817818892629 0.06555025201094777 0.20491851003546463
0 0.696588064494886 0.5352995521143863 0.03326074700606497 0.11833682813142475
0 0.8355443854081003 0.5636659170451916 0.06633397152549342 0.20570388593171773
0 0.7464455052425987 0.4819156245181435 0.051087028101870886 0.07687558625873767
