0 0.6681870159349943 0.5799664196215177 0.1401811398957905 0.6915941740337171
0 0.9417390321430407 0.3688248584144994 0.020088396574321547 0.08531098616750617
0 0.8781465731169048 0.38255384093836736 0.01929162677965666 0.048607901522987766
0 0.5398895615025571 0.57771298759862 0.11222733949360095 0.648442920885588
0 0.3247202195619282 0.36971166259364074 0.01790159627010948 0.057191171144184316
0 0.13135427550265663 0.36207205370852824 0.02960038185119629 0.04842961461920487
0 0.34189933224728236 0.37307781922189814 0.017536840940776625 0.05926227569580078
0 0.42975365488152756 0.3643267656627454 0.014895188181023849 0.0695907944127133
0 0.3714614290940134 0.3712916625173468 0.020806939978348583 0.06223292099802118
0 0.7698247056258352 0.38539024403220734 0.017662098533228823 0.04560116717689916
