0 0.3640225435558118 0.6192861607200221 0.23165434285214073 0.693458406548751
0 0.6288198169909025 0.5537435882969907 0.16906326695492394 0.5358814440275493
0 0.8177707320765446 0.46433491455881215 0.10766656775223582 0.44213124325400904
0 0.4540726511101974 0.36289403313084656 0.0624109569348787 0.22699411291825144
0 0.9127403058503804 0.39372554578279195 0.06884544774105675 0.2679840890984786
0 0.08384337237006739 0.3419287079258969 0.06753670541863692 0.1461050133956106
0 0.7584370813871685 0.44614709051031815 0.06302095714368318 0.388828528554816
0 0.5094646905597887 0.3635262188158537 0.053052149320903574 0.18030011026482834
0 0.5878081321716309 0.3426646307895058 0.042775856821160564 0.15305360994840922
0 0.9840764497455797 0.4060188469133879 0.025723306756270558 0.24698661503038907
