0 0.6727647028471294 0.5669560181467157 0.09009376325105366 0.40404289647152547
0 0.4919460447211015 0.5220202144823576 0.13133284920140317 0.542586226212351
0 0.7767768659089741 0.3664241589997944 0.0714594188489412 0.23085162514134458
0 0.3861796730443051 0.5262504627830104 0.10950229042454769 0.4874941173352693
0 0.6519362299065841 0.3501952321905839 0.09573163484272204 0.16750857704564145
0 0.7142281281320673 0.3200633902298777 0.03117209986636513 0.12149625075490851
0 0.5849425918177554 0.32423807445325353 0.0232124830547132 0.0839577223125257
0 0.3257298344059994 0.3237963224712171 0.0312137854726691 0.11162225823653371
0 0.5697697087338096 0.3191472605655068 0.020330027530067844 0.09310993395353619
0 0.3530808749951814 0.3229217529296875 0.0185407839323345 0.11180998149671052
