0 0.37917485990022354 0.6384022361353824 0.19339174973337273 0.6889748824270148
0 0.8683904848600689 0.43396613472386414 0.04867543672260485 0.12698725650185033
0 0.605353832244873 0.6111829406336734 0.1653050372475072 0.6072114643297697
0 0.8046207678945442 0.40725192270780863 0.019102046364232114 0.06443001094617341
0 0.009293339460303907 0.5016897854052091 0.021328400624425786 0.21229096462852076
0 0.2547974335519891 0.4200380350414076 0.01895402607164885 0.06911887620624743
0 0.7868440527664987 0.4072901826155813 0.01680153294613487 0.06487138647782176
0 0.0711831481833207 0.4263060343892951 0.02023240139609889 0.08549657620881733
0 0.47743998075786387 0.4112762275495027 0.02343599419844778 0.09251581995110762
0 0.2109198256542808 0.42457310776961477 0.021257613834581877 0.07689443387483295
0 0.24215781061272873 0.4178082064578408 0.015009829872532895 0.06382334859747636
0 0.4940329099956312 0.41487232007478414 0.021386598285875823 0.07678955479672081
0 0.34452147232858754 0.4008548008768182 0.011378790202893709 0.041789933254844265
0 0.771441560042532 0.3916861885472348 0.009222432186729029 0.037962562159488074
