0 0.2524127395529496 0.5469397996601305 0.10735186777616802 0.4990110899272718
0 0.1618586025739971 0.5851633925186961 0.14713836971082186 0.6213604274548983
0 0.3721526923932527 0.4544861065713983 0.0751399742929559 0.27796281011481033
0 0.45736282750179896 0.40522301824469315 0.042077917801706416 0.13826806921707957
0 0.3257523461392051 0.47192864668996715 0.07959564108597605 0.3126874220998664
0 0.5561575638620477 0.3770013357463636 0.0197956687525699 0.06434626328317743
0 0.7681468913429662 0.38689544326380676 0.01428759725470292 0.04741535688701429
0 0.4883144529242264 0.3876090551677503 0.02654442034269634 0.08947618384110301
0 0.5215330123901367 0.37481046977796056 0.012471349615799753 0.061206466273257605
0 0.8403853617216411 0.3902368796499152 0.012737424750077097 0.04161347840961657
