0 0.6325389962447316 0.28660483109323603 0.07090478194387335 0.18919216959100021
0 0.6080198287963867 0.5006390747271086 0.17867228859349302 0.6354052894993832
0 0.7854435820328562 0.23562377377560265 0.025581008509585734 0.08537505802355315
0 0.3185696852834601 0.26254722319151225 0.030640702498586553 0.13779448208055997
0 0.13705135646619293 0.24350768641421672 0.022387278707403886 0.07013330961528577
0 0.8055078606856496 0.23621556005979838 0.021995243273283307 0.08144927024841309
0 0.3764552568134508 0.23349862349660774 0.021184318944027548 0.08541067023026316
0 0.3959637692100123 0.2307228853828029 0.02090529391640111 0.08659492040935315
0 0.061123746006112346 0.2672592966180099 0.036138863939987984 0.09115244212903474
0 0.5991471190201609 0.21151122293974223 0.02279136055394223 0.05987962923551861
0 0.8441122456600791 0.2121408738588032 0.012286236411646792 0.04634889803434673
0 0.8632076664974815 0.21687287405917519 0.010734357331928453 0.04923307268243087
