0 0.5660151180468107 0.5766745617515162 0.1293238087704307 0.4366411911813836
0 0.4533409068458959 0.586689785907143 0.10274851949591386 0.4031580121893632
0 0.7526165309705233 0.4261247233340615 0.042923575953433386 0.12394885012978002
0 0.3183127202485737 0.4845698130758185 0.07155915310508326 0.21404815974988436
0 0.865987451452958 0.48911725847344645 0.06529521942138672 0.2399922672070955
0 0.2229505087199964 0.4899878752859015 0.07374271593595806 0.2056558508622019
0 0.13514589949658043 0.558659691559641 0.08666277559180009 0.3569282983478747
0 0.7158607683683696 0.42930084780642863 0.03842514439633018 0.11367218117964895
0 0.08078942800823011 0.5482760103125321 0.08514991559480366 0.3587847006948371
0 0.3876496616162752 0.4790014593224777 0.055951821176629314 0.2135578707644814
