0 0.5360964724892064 0.5549676920238295 0.1964709633275082 0.7214323344983553
0 0.41842318836011383 0.5264098769740054 0.14241381695396022 0.658303511770148
0 0.23940690567618922 0.31701573572660746 0.08038778054086786 0.22311792875591077
0 0.6388651446292275 0.5532171224292955 0.10353374481201172 0.69354248046875
0 0.4686909976758455 0.2621115446090698 0.04065548746209396 0.18326512135957418
0 0.19636645442561101 0.2793758793881065 0.018527570523713763 0.06430405064633019
0 0.18084600724672015 0.27856876975611633 0.014513906679655375 0.05735417416221217
0 0.5974760055541992 0.27387345464606033 0.03642895347193668 0.12508487701416016
0 0.9288523824591385 0.28004118015891627 0.03586377595600329 0.0851005002071983
0 0.2136727634229158 0.2679356775785747 0.0132598876953125 0.050235999257941
