0 0.19754699656837865 0.5805802094308954 0.058941665448640525 0.20976729142038444
0 0.29020092361851746 0.585449921457391 0.05396920756289834 0.20989247372275904
0 0.2385982463234349 0.5857897808677272 0.05586348081889905 0.20536974856728002
0 0.7255877193651702 0.5570625505949321 0.05107302414743524 0.1784189123856394
0 0.8253883562589946 0.555015714544999 0.04287599262438322 0.16327566849557976
0 0.3339029864261025 0.5629121378848427 0.04367963891280325 0.1596362465306332
0 0.7731858554639315 0.5524962826779014 0.043778419494628906 0.17170650080630653
0 0.5188608169555664 0.5934888438174599 0.060937078375565376 0.2653152064273232
0 0.4612719385247482 0.5709813770494963 0.04765229476125617 0.16832191065738075
0 0.9703529759457238 0.5535181949013158 0.04337732415450247 0.151972118176912
0 0.4119335099270469 0.5677337646484375 0.045422177565725225 0.16127837331671463
0 0.6141132806476794 0.5586147308349609 0.0361163992630808 0.1747513821250514
0 0.3740339655625192 0.5687929956536544 0.03403922131187037 0.1465954027677837
0 0.9412561717786287 0.5401893916882967 0.03504923770302221 0.14794349670410156
