0 0.39970124395270096 0.5875576671801115 0.34680391612805817 0.627497673034668
0 0.6201399564743042 0.6476238150345651 0.1927609318181088 0.48317096107884455
0 0.7138261732302214 0.3845810011813515 0.09262936993649132 0.22615289688110352
0 0.14901336870695414 0.5175921665994745 0.10966880697953074 0.266133986021343
0 0.835214238417776 0.374946769915129 0.0862032739739669 0.21622095609966077
0 0.9065285011341697 0.3757549712532445 0.0800840039002268 0.21311561684859426
0 0.7781208847698413 0.35897325842004074 0.05310659032118948 0.16815874451085142
0 0.5031447159616571 0.38802926477633026 0.07948654576351769 0.09501043746345922
0 0.22790922616657455 0.4045590350502416 0.12072505448993884 0.25274567855031865
0 0.5696180729489577 0.3401926504938226 0.04421856215125636 0.12931197567989952
0 0.9369146259207474 0.6123889621935392 0.1294563318553724 0.6651065726029245
