0 0.35765290887732254 0.5736642636750874 0.1658682948664615 0.49489929801539373
0 0.25519371032714844 0.5136367521787945 0.10913462387888055 0.33849487806621353
0 0.07341542996858295 0.4414959079340885 0.09296698946701853 0.27239877299258586
0 0.1856179770670439 0.4482469433232358 0.0860746847955804 0.28675418151052373
0 0.810655691121754 0.4143080021205701 0.06905785987251684 0.08154719754269249
0 0.5970901627289622 0.5390245788975766 0.13144130455820183 0.37989626432719986
0 0.4665651101815073 0.48607921600341797 0.08600190438722309 0.304938416731985
0 0.931087989556162 0.5618689687628495 0.11864269407171953 0.4398433283755654
0 0.14034600791178253 0.44508271468313115 0.04799016212162219 0.2444342061092979
0 0.7583444777287935 0.3992600848800258 0.07485535897706684 0.09395371612749602
