0 0.3477561034654316 0.561704208976344 0.13632040274770638 0.45895737095883016
0 0.7268462369316503 0.4882579351726331 0.08614388265107807 0.456724718997353
0 0.43040437447397334 0.47849233526932566 0.07826345845272667 0.2506398150795384
0 0.602364298544432 0.43404870284231084 0.05719568227466784 0.22284507751464844
0 0.954920558552993 0.4569827631900185 0.08664611138795551 0.4255962371826172
0 0.23062357463334737 0.6684439558731882 0.4342423991153115 0.6924512762772409
0 0.5451820053552326 0.4490939566963597 0.0521802964963411 0.21561052924708315
0 0.5002138457800213 0.45898422441984477 0.05303126259853965 0.23007829565750926
0 0.6748496639101129 0.37771105138879074 0.031001850178367214 0.13005900382995605
0 0.9073060609792408 0.39004825290880707 0.04881887373171354 0.20788237923070005
