0 0.2719586930776897 0.44957990395395375 0.08669530090532805 0.35361041520771225
0 0.37848163278479324 0.8669759223335667 0.13939760860643888 0.2779109101546438
0 0.548133323067113 0.8015439761312385 0.15108705821790194 0.3853331867017244
0 0.22618972000322846 0.8091808620252107 0.11863456274333753 0.4147825743022718
0 0.5686003910867792 0.4969598996011834 0.10750978871395714 0.32102426729704203
0 0.6532518863677979 0.5941331763016551 0.07924940711573551 0.4035423680355674
0 0.7289461273896067 0.7512937219519363 0.11337248902571828 0.4090503642433568
0 0.4020070653212698 0.7159847962228876 0.1311441973636025 0.31902092381527547
0 0.5653965849625436 0.09753400087356567 0.053582693401135896 0.15670403681303324
0 0.025605613757905207 0.3865168596568861 0.04944409508454172 0.22624670831780685
0 0.8022798927206742 0.44014939508940043 0.08426830643101742 0.3890121610541093
0 0.03701825439929962 0.7703458509947124 0.07187330722808838 0.40736853448968185
0 0.9224227478629665 0.604671221030386 0.07114879708541066 0.11400874037491648
0 0.34260461832347666 0.7598603524659809 0.14975659470809133 0.31945843445627314
0 0.7245025572023893 0.443386529621325 0.07269185467770226 0.39346740120335627
0 0.4334205702731484 0.13782098418787908 0.05457268263164319 0.12041558717426501
