0 0.18559869339591578 0.6039737902189556 0.14701347602041145 0.6456923233835321
0 0.43509357226522344 0.4658701419830322 0.0839486749548661 0.3848272373801784
0 0.2746846675872803 0.44259745196292277 0.06051402342946906 0.33991349370856033
0 0.620337542734648 0.46352983775891754 0.07041962523209422 0.3450475993909334
0 0.5317005420985974 0.4851390562559429 0.07452303484866493 0.3939165567096911
0 0.3562924579570168 0.45010812659012644 0.0538127485074495 0.3209537204943205
0 0.8122858122775429 0.44352937999524567 0.12235709240562037 0.3147658297890111
0 0.7170028215960452 0.463789563429983 0.08118810779169987 0.4102072464792352
0 0.6630046179420069 0.47962916524786703 0.06562131329586632 0.4037834468640779
0 0.8231161268133866 0.5587113531012284 0.3324614575034694 0.9057508769788241
