0 0.25029126593941137 0.7693870820497212 0.053563607366461506 0.24154138565063477
0 0.27731079804269887 0.35611079241100113 0.03516844699257299 0.15404579513951352
0 0.5416299810535029 0.35465535364652934 0.04396265745162964 0.16495521445023387
0 0.19435580780631617 0.5559641373784918 0.04775407439784 0.1806009568666157
0 0.04857289006835536 0.5474679281837062 0.04832765303160015 0.1623300125724391
0 0.7138953381463101 0.4950680481760125 0.0357570491339031 0.1597340232447574
0 0.46759744694358424 0.2787608221957558 0.041822609148527444 0.17337643472771896
0 0.8484606742858887 0.4888535487024408 0.036458718149285564 0.12236352970725611
0 0.14061433547421506 0.5666211655265406 0.04755886291202746 0.1746438427975303
0 0.7669241036239423 0.5902300633882221 0.03809456762514616 0.11873983082018401
0 0.8251978221692537 0.608888406502573 0.03896532560649671 0.12336506341633044
0 0.7543257443528426 0.49971428670381246 0.03733530170039127 0.18326807022094727
0 0.22298578212135717 0.35298120348077067 0.04553172462864926 0.13846153961984733
