0 0.5550625951666581 0.5412541690625643 0.3130130265888415 0.9281879224275288
0 0.11753551583541066 0.33903273783232035 0.13458514213562012 0.4749639912655479
0 0.2913036409177278 0.40398740768432617 0.11050009727478027 0.32548046112060547
0 0.9269130104466489 0.34829621565969365 0.14994189613743833 0.5492643557096782
0 0.20336568982977615 0.3580686418633712 0.10552750135722913 0.45550542128713506
0 0.2969468204598678 0.23077198078757838 0.09741641345777009 0.18713145507009407
0 0.4513760240454423 0.5487936170477616 0.25393930234407125 0.7689570878681383
0 0.6608129488794428 0.2211142590171412 0.07211297436764366 0.14209682063052528
0 0.7141095588081761 0.35550621936195775 0.10727618869982268 0.49319106654116984
0 0.38563222320456253 0.18842015768352308 0.09577281224100213 0.14838499771921257
0 0.8129577197526631 0.35726573592738103 0.1349293683704577 0.5329981352153578
