0 0.3069201049051786 0.5109792885027433 0.10382191130989477 0.3811821937561035
0 0.389329615392183 0.5173570482354415 0.10939729841131914 0.3907471706992702
0 0.7071883051018966 0.549606674595883 0.1362273567601254 0.42166238082082647
0 0.5628808046642102 0.6481632809889943 0.0907678855092902 0.2595905253761693
0 0.19458596329939992 0.44528227103383916 0.08762598037719727 0.2653314439873946
0 0.9306072686847888 0.5946669578552246 0.08972735154001336 0.3460186908119603
0 0.6560971234974109 0.5460085994318912 0.09003952929848119 0.4123033473366185
0 0.9614589088841489 0.608006477355957 0.06106246145148026 0.6567185050562808
0 0.08890470744747865 0.7004452253642834 0.18006278339185214 0.5503175635086862
0 0.776827053019875 0.4054702645853946 0.06573013255470678 0.17439725524500796
