0 0.32200403589951365 0.5515720216851485 0.1362731707723517 0.616059704830772
0 0.8272964515184101 0.5363384547986483 0.11111197973552503 0.5204701674611945
0 0.11626049719358747 0.5989323164287367 0.25205765272441666 0.7588152634470087
0 0.7498758905812314 0.5021001916182668 0.07337182446529991 0.45042529859040914
0 0.5467060616141871 0.5614731939215409 0.11111061196578176 0.5206723464162726
0 0.4378960132598877 0.5851307417217053 0.14442150216353566 0.4625215530395508
0 0.6468867690939653 0.5344181060791016 0.13112418275130422 0.517532649793123
0 0.9585516295934978 0.5165630014319169 0.06755712785218891 0.39200388757806076
0 0.9145121637143586 0.51875733074389 0.07686942502071983 0.39940184041073445
0 0.2305330477262798 0.5424758258618807 0.07595747395565636 0.5064156682867753
