0 0.6957768201828003 0.18090856624277016 0.09046008712367008 0.34324369932475846
0 0.3366464250966122 0.5432544507478413 0.10723459093194258 0.4682235215839587
0 0.45167271087044164 0.4842321245293868 0.11677206190008867 0.4354176270334344
0 0.9445611552188271 0.5083866119384766 0.10679736890290913 0.42563197487278986
0 0.4592835965909456 0.1258461051865628 0.07745821852433055 0.22335383766575864
0 0.36397125219043935 0.11735771047441583 0.055562809893959446 0.20889360026309364
0 0.6541469599071302 0.5137774818821957 0.14033872202823036 0.4347258618003444
0 0.558814707555269 0.8267896802801834 0.15525096341183311 0.31711282228168686
0 0.8220863405026887 0.4068962272844816 0.11976413977773566 0.28562789214284795
0 0.8027909492191515 0.6155918020951121 0.13227885647823936 0.37624298898797287
0 0.06233348344501696 0.8562664358239425 0.12386182734840795 0.301809034849468
0 0.9587060809135437 0.7122415868859542 0.06607573283346076 0.22975351935938784
0 0.9315733344931352 0.2871822432467812 0.08068279216164037 0.295570875469007
0 0.6157132387161255 0.4502449663061845 0.10617952597768683 0.35502817756251287
