0 0.3258527203610069 0.4273189243517424 0.08523599725020559 0.3146103306820518
0 0.5099682870664094 0.4586931027864155 0.1365387188760858 0.30481519197162826
0 0.6111520026859485 0.5330923231024491 0.1471903073160272 0.5402837050588507
0 0.8013929097275985 0.4436075561924985 0.08310429046028539 0.26534838425485713
0 0.12392723874041908 0.32526245242670965 0.03503279309523733 0.1359746958080091
0 0.45540178135821696 0.38995841929787084 0.07385210614455373 0.25205087661743164
0 0.08440786600112915 0.353720508123699 0.056660043565850506 0.1727413252780312
0 0.7590058461615914 0.3828421329197131 0.040828902470438105 0.17849534436276085
0 0.9618584419551649 0.494012104837518 0.07762706907171953 0.35549454939992803
0 0.674700191146449 0.3563118545632613 0.05652629701714767 0.12171350027385511
