0 0.44271634126964365 0.5577788980383622 0.13301597143474378 0.3090892340007581
0 0.39654584307419627 0.8512776776363975 0.19159062285172312 0.2856474926597194
0 0.7481448085684526 0.5096533800426283 0.1131099023317036 0.42013130689922135
0 0.5535175204277039 0.4946572404158743 0.07697040783731561 0.4618293360659951
0 0.8232543593958805 0.7151479846552798 0.17210222545423007 0.23957957719501696
0 0.12452093002043271 0.7491610928585655 0.257532094654284 0.5184884824250874
0 0.29551576313219574 0.49280799062628494 0.1169194171303197 0.38921577052066203
0 0.6448476941961991 0.5229315004850689 0.11152483287610505 0.4431515241924085
0 0.20443681039308248 0.620908586602462 0.1332076348756489 0.42583064029091283
0 0.5039312902249788 0.4915252484773335 0.09130577037208959 0.40110939427425985
0 0.8714828804919594 0.659924958881579 0.12011112664875231 0.26302046524850947
0 0.13462266169096293 0.46280663891842494 0.07937241855420564 0.13102242821141294
0 0.8734183813396252 0.5073149706188002 0.10985871365195826 0.3026477161206697
0 0.96546828433087 0.5491716736241391 0.06452887309224982 0.3703284012643914
