0 0.46075116960625895 0.5591899721246016 0.22566903264899002 0.445658382616545
0 0.19172662810275432 0.6551701144168252 0.21354976453279195 0.36440583279258326
0 0.24129683720438105 0.45321208552310344 0.1634315566012734 0.24879676417300575
0 0.6161129600123355 0.355018465142501 0.10792973167017887 0.3343199679726048
0 0.823788423287241 0.23411670484040914 0.11807628681785182 0.33337397324411494
0 0.9097346192912051 0.34306931495666504 0.1486751029365941 0.17269433172125565
0 0.4933108405063027 0.25098243512605367 0.13171248686941048 0.2510431440253007
0 0.032380315230080954 0.5865292298166376 0.06624103847302888 0.38835831692344264
0 0.48888597362919856 0.7653578080629048 0.2019238597468326 0.21934376264873304
0 0.05876703364284415 0.24634438439419395 0.10971270109477796 0.32809260016993474
0 0.6016623220945659 0.8003010373366506 0.18607438238043533 0.23868879519010844
