0 0.5210688867067036 0.16482598452191605 0.10502958297729492 0.33561490711412933
0 0.6594418036310297 0.6545785100836503 0.1763653127770675 0.6221468072188528
0 0.5445184707641602 0.8845682646098889 0.18434213337145353 0.2400792774401213
0 0.9604351332313136 0.23552319250608744 0.07930147020440352 0.3507417126705772
0 0.5499708025079024 0.5473425513819645 0.11701297760009766 0.5475933175337943
0 0.20455005921815572 0.20353086371170848 0.0796282542379279 0.10775751816598993
0 0.3620638470900686 0.7030281016701145 0.18817296781037984 0.49789493962338094
0 0.32809762578261525 0.9248530300039994 0.1956906193181088 0.13697545151961477
0 0.35061212276157583 0.22397111591539884 0.10066159775382594 0.24295591053209806
0 0.0649398349617657 0.6624040603637695 0.13031092442964254 0.5216567892777292
0 0.6114901931662308 0.11034010468344939 0.07544706997118499 0.2130114906712582
0 0.348873518015209 0.08639306771127803 0.07698094844818115 0.13994770301015755
