0 0.7963998819652356 0.48286569745917063 0.1329184331391987 0.3156541774147435
0 0.5700313668502004 0.5083094898023104 0.14205992849249588 0.43685340881347656
0 0.44083190591711746 0.6116598279852616 0.11572314563550447 0.4458131288227282
0 0.6788457883031744 0.5668028781288549 0.14572109674152575 0.5242594668739721
0 0.8210393880542955 0.6910381379880403 0.2479001848321212 0.19661503089101692
0 0.27243020659998846 0.5089084600147448 0.10756188944766396 0.3985978427686189
0 0.17745320106807508 0.49593838892484965 0.08751216060236881 0.29140013142635945
0 0.19085174249975304 0.7006150546826815 0.3633717486732884 0.5804848921926398
0 0.7732955531070107 0.8057030376635099 0.45528803373637955 0.410713045220626
0 0.48208925284837423 0.4410840084678248 0.07663929462432861 0.2899999116596423
0 0.5173580771998355 0.8381600630910774 0.2766702551590769 0.3289972606458162
