0 0.5452895164489746 0.5383702077363667 0.1696742710314299 0.634296367042943
0 0.7792461357618634 0.5410114589490389 0.1855586328004536 0.5767990915398848
0 0.3820298157240215 0.5375955230311343 0.14933185828359505 0.45465208354749176
0 0.9084432627025404 0.5496031610589278 0.16429371582834343 0.5426759217914782
0 0.07057682346356542 0.5948862025612278 0.14009985170866313 0.4966318732813785
0 0.46211563913445725 0.49819748025191457 0.08479163521214535 0.47247359627171565
0 0.14283112475746557 0.5474090074238024 0.10937060807880603 0.42234797226755244
0 0.3558729981121264 0.21995592744726883 0.028362154960632324 0.08793902397155762
0 0.28882156234038503 0.4539692276402524 0.079615875294334 0.37990043037816096
0 0.6194433820875067 0.5103920133490312 0.07937419414520264 0.532477479231985
0 0.23686611024956955 0.4656555401651483 0.07191422111109684 0.3732536968431975
