0 0.43342368540010956 0.5712396471123946 0.10100904891365453 0.3890111320897153
0 0.6027218291634008 0.5700176264110364 0.07285582391839278 0.3386591108221757
0 0.23777655865016736 0.5992981132708098 0.08093106746673584 0.3792606403953151
0 0.5533965826034546 0.5514724756542005 0.055400258616397254 0.2241337675797312
0 0.8605600281765586 0.7187461853027344 0.29132042433086197 0.5986813495033666
0 0.1303809143994984 0.5564611020841096 0.05188514370667307 0.17880152401171232
0 0.7679436049963299 0.5457409306576377 0.059403714380766214 0.2506667689273232
0 0.9167926750685039 0.5155329265092549 0.05036214778297826 0.1965634320911608
0 0.8578405850812009 0.5216534012242368 0.08895793086604069 0.2614353581478721
0 0.08195115547431142 0.5675108871961895 0.04629776666038915 0.19498490032396817
