0 0.5916454290088854 0.5198905217020136 0.06815847597624126 0.35026547783299494
0 0.672933208314996 0.5199705299578216 0.08126857406214665 0.36994324232402603
0 0.495748265793449 0.5336756706237793 0.09631828885329397 0.39295452519467
0 0.2842709704449302 0.5370188386816728 0.09422700028670461 0.3669668749759072
0 0.7597579328637374 0.5148575180455258 0.08898049906680458 0.38650367134495783
0 0.3869507438258121 0.5105881690979004 0.1065069499768709 0.4467502895154451
0 0.8609723197786431 0.517399085195441 0.0913253897114804 0.3705548236244603
0 0.9594914254389311 0.5137184293646562 0.07812037593440006 0.37461541828356293
0 0.1436234712600708 0.55489098398309 0.12551866079631605 0.47872668818423625
0 0.06650756848485846 0.5448510521336606 0.0677944170801263 0.3458422108700401
