0 0.19139635562896729 0.5978676645379317 0.09714602169237639 0.6720189546283922
0 0.5553608379865947 0.606574535369873 0.10780092289573268 0.5441178271644994
0 0.28366827964782715 0.596214118756746 0.10439554013703999 0.6324762545133892
0 0.7480724077475698 0.5174745885949386 0.05011434931504099 0.38238673461110967
0 0.35330181686501755 0.654019180097078 0.09568418327130769 0.5259493777626439
0 0.903174456797148 0.700815803126285 0.1862699734537225 0.570364048606471
0 0.03575079064620169 0.5951259763617265 0.081468707636783 0.5574382480822111
0 0.49325443255273915 0.6035858957391036 0.09616836121207789 0.5405100772255346
0 0.43716099701429667 0.49629030729594986 0.06637508618204217 0.4201946258544922
0 0.6946159130648563 0.4379443432155409 0.037047731248955974 0.2002752329173841
0 0.47949567594026266 0.5033680639768902 0.05928807509572882 0.3419160591928582
