0 0.4395950718929893 0.462670552103143 0.16165632950632194 0.4821644833213405
0 0.8798155470898277 0.5516850195432964 0.11926017309490003 0.7242992300736276
0 0.9608934333449916 0.5562655800267269 0.08365591576224879 0.680080213044819
0 0.7121268322593287 0.49301217731676605 0.16359851234837583 0.49819951308401006
0 0.11036669580559982 0.26814616667596913 0.07257770237169768 0.09483468532562256
0 0.3402866313332006 0.461169443632427 0.09131792971962377 0.4521673604061729
0 0.5027380397445277 0.38985907404046316 0.07993856856697484 0.27952108885112564
0 0.286603287646645 0.45914835678903676 0.06618522342882659 0.43667552345677424
0 0.23682292511588648 0.45335227564761515 0.07027574589377955 0.4282897146124589
0 0.03877984301040047 0.28197523794676127 0.05595885452471281 0.09532716399744938
