0 0.8586642742156982 0.33889222145080566 0.1287402353788677 0.6199210317511308
0 0.7549977428034732 0.3527672290802002 0.11672860697696083 0.5562979045667147
0 0.6049110387500963 0.552861816004703 0.3254289878042121 0.7490506925080952
0 0.04109044686744088 0.3576444073727256 0.07398975522894609 0.4116991193670976
0 0.14842921809146278 0.35872017709832443 0.1316995620727539 0.5358601118388929
0 0.6735638411421525 0.37365612230802836 0.08905347397452906 0.4303183304636102
0 0.3962914441761218 0.5573619039435136 0.3446546604758815 0.6589521106920744
0 0.6206400002303876 0.23414132469578794 0.03832535680971647 0.114302911256489
0 0.5573993984021638 0.19594009299027293 0.11270322297748767 0.23193366904007762
0 0.2537975875954879 0.27514618321468953 0.04143801488374409 0.13802061582866468
