0 0.501834794094688 0.5358766254625822 0.25958844235068873 0.5308053869950143
0 0.7722556591033936 0.41249246346323115 0.1195695023787649 0.36122209147403117
0 0.08943432569503784 0.6408965964066355 0.17510056495666504 0.7148839047080592
0 0.6756911622850519 0.13011449261715535 0.0695349229009528 0.12131135087264211
0 0.8648109310551694 0.38801511965299906 0.12367165716070878 0.38803103095606756
0 0.2975537086787977 0.12906437798550252 0.08400318497105648 0.17874474274484733
0 0.745719125396327 0.14049977377841347 0.06782997281927812 0.14148009450812088
0 0.5314510260757648 0.16129702015926964 0.050634487679130154 0.1084895133972168
0 0.9354066158595837 0.44959853824816254 0.123326113349513 0.4162932446128444
0 0.6907672442887959 0.33826751458017446 0.10936366884331954 0.21515417098999023
0 0.616384650531568 0.45305854395816203 0.15955241102921336 0.4376249815288343
0 0.19372855989556564 0.1317453384399414 0.0816556779961837 0.1475559159329063
