0 0.4715128886072259 0.5111665223774157 0.05719033040498432 0.3612354178177683
0 0.5569167074404264 0.5377223993602551 0.09870031005457829 0.3784354611446983
0 0.3939194365551597 0.5660460497203627 0.11584812716433876 0.3852126221907766
0 0.6496178382321408 0.5128908784765946 0.10422142555839137 0.3279642054909154
0 0.295586673836959 0.8125487126802143 0.21689748764038086 0.39679974003842
0 0.8079256258512798 0.6646867551301655 0.316938601042095 0.6425175917776007
0 0.13083604135011373 0.5635393105055156 0.11718409939816124 0.18447475684316536
0 0.09666249587347633 0.6995422212701095 0.18413292734246506 0.649978938855623
0 0.29325119758907114 0.4954833984375 0.08692713160263865 0.278555619089227
0 0.23090303571600662 0.4625499123021176 0.07650164553993627 0.3074748390599301
0 0.16503572463989258 0.4562957537801642 0.037500281082956416 0.15663054114893862
