0 0.13340436941698977 0.6650883524041427 0.2594371343913831 0.6477622483905993
0 0.3627743344557912 0.4387493259028385 0.17665112646002518 0.5296661477339896
0 0.35159974349172496 0.8104508048609683 0.23406234540437398 0.37344852246736226
0 0.8208498641064292 0.40663448132966695 0.12928078049107602 0.4653539155658923
0 0.8602779539007889 0.6104928317822909 0.24573521865041634 0.7203302383422852
0 0.5421701167759143 0.49407311489707545 0.20531472406889262 0.5620447961907638
0 0.7175734356829995 0.452017206894724 0.14263488117017245 0.4633281105443051
0 0.28170690411015564 0.39088087332876104 0.11083551457053736 0.48044892361289576
0 0.17231298747815585 0.2885624233045076 0.11601852115831877 0.33795477214612457
0 0.9237961769104004 0.3516958136307566 0.11120941764429997 0.2802792599326686
