0 0.48256241647820725 0.5898266340556897 0.3878056877537778 0.7714456759001079
0 0.821663382806276 0.29783383796089574 0.10214600437565853 0.1937608844355533
0 0.8783172808195415 0.6666609111585116 0.24847472341437088 0.6299290908010382
0 0.7142535102994818 0.3361232970890246 0.0990282046167474 0.20198983895151237
0 0.23405285885459498 0.5090896455865157 0.20846873835513466 0.522756626731471
0 0.5839940748716655 0.29184684627934504 0.07549298437018144 0.1741086432808324
0 0.7652771347447445 0.6666966488486842 0.2622784564369603 0.6511648077713815
0 0.3509290751657988 0.28084296301791545 0.08159861439152767 0.15236308700159976
0 0.011482787171476766 0.34724071151331853 0.02885659744865016 0.3175084465428403
0 0.5199722773150394 0.2789108188528764 0.05385675555781314 0.11564692698026958
0 0.14432746171951294 0.34878709441737127 0.09721121662541439 0.2730938007957057
