0 0.6242188466222662 0.5625336797613847 0.13268261206777474 0.5983617180272153
0 0.8155757878956041 0.4864812901145533 0.08962919837550114 0.29265519192344264
0 0.34804239398554754 0.5647212078696803 0.1461447791049355 0.42527565203214945
0 0.07189331399767022 0.5393745397266589 0.13024828308507017 0.42019349650332805
0 0.430211321303719 0.5623773273668791 0.09088326127905595 0.334121352747867
0 0.5339190332513106 0.6031693157396818 0.1166026466771176 0.48208422409860713
0 0.1894738862389012 0.5019069345373857 0.06313950137088173 0.3419126962360583
0 0.45538213064796046 0.3987371796055844 0.05398435969101755 0.11395594948216488
0 0.7006691647203345 0.43519043295007004 0.04517952078267148 0.1844960890318218
0 0.2252852571638007 0.5982152474553961 0.08501301941118743 0.137928096871627
