0 0.29013458051179586 0.5845229123768054 0.054203033447265625 0.21593046188354492
0 0.7781170575242293 0.5553074008540103 0.04082163384086207 0.18788320139834755
0 0.5154475820691962 0.5893156026539049 0.057547650839153086 0.26001536218743576
0 0.2364740340333236 0.5872346100054289 0.048775164704573784 0.2187102719357139
0 0.2006580860991227 0.5851738076460989 0.05366717514238859 0.2202198630885074
0 0.7290062888672478 0.5612963249808863 0.043191655686027126 0.15940678747076736
0 0.8281102541245912 0.5543966920752275 0.05049547082499454 0.1734929586711683
0 0.45890568745763677 0.5726910202126754 0.050357849974381294 0.1799582556674355
0 0.6159594843262121 0.5663964120965255 0.039694365702177346 0.18868356002004524
0 0.9431922906323482 0.5389669066981265 0.03550611671648527 0.14920249738191305
0 0.34335094376614217 0.5672671355699238 0.04168617097955001 0.17883394893847013
0 0.9605138427332828 0.5501974256415116 0.04565866369950144 0.1462401841816149
0 0.5579715826009449 0.5658954946618331 0.034891288531453984 0.18113921817980314
