0 0.45001593389009176 0.5295485069877223 0.05431629482068514 0.28120098615947525
0 0.38514671827617447 0.5314209586695621 0.052816993311831824 0.26907935895417867
0 0.6609560753169812 0.5308886829175448 0.052810957557276675 0.2644582045705695
0 0.33048642309088455 0.537345710553621 0.051279620120399876 0.244078234622353
0 0.5573394408351496 0.5372833076276278 0.051649743004849084 0.25944822712948445
0 0.7637877464294434 0.5372451606549714 0.056671594318590666 0.2654651591652318
0 0.718971544190457 0.5309927463531494 0.043244393248307075 0.24648643794812655
0 0.5065554160820811 0.5317215794011166 0.03994953632354736 0.22057565889860453
0 0.6056694937379736 0.5344747367658113 0.045331794964639766 0.2808755824440404
0 0.034882868198971996 0.5536401899237382 0.06352088325902035 0.22928544094688014
