0 0.7867328493218674 0.5518380717227334 0.09721781078137849 0.31019230892783717
0 0.358979604746166 0.5631290360500938 0.08748707645817806 0.3161728758560984
0 0.4889491545526605 0.5159958036322343 0.06503031128331234 0.23110600521689967
0 0.2369707289494966 0.5386394325055573 0.07450234889984131 0.26936854814228256
0 0.6583054504896465 0.5137508919364527 0.05720696951213636 0.2334502621700889
0 0.5711366110726406 0.4786062240600586 0.03881983694277311 0.17292017685739616
0 0.43405879014416743 0.501945319928621 0.050711327477505334 0.2307586669921875
0 0.614309676383671 0.4679847014577765 0.03780739244661833 0.13714087636847244
0 0.14366233976263748 0.45344632236581095 0.05098453320954975 0.08981520878641229
0 0.09572289335100274 0.4337940153322722 0.03692577700865896 0.09129236873827483
0 0.3033924683144218 0.5374996160206041 0.05166010166469373 0.22608322846262077
